Time,Accel_X,Accel_Y,Accel_Z,Gyro_X,Gyro_Y,Gyro_Z
367206593,-2712,2148,15364,-29,226,107
367210063,-3840,-1336,16960,0,56,194
367213394,-4048,828,16028,71,249,163
367216680,-2792,-252,16116,-316,111,-461
367220299,-2568,1508,15596,-114,-74,-172
367223943,-3308,1632,15620,-77,-43,-177
367227500,-3292,220,15884,74,-152,128
367230883,-3824,544,15824,-74,271,40
367234179,-3000,-1408,16548,-232,223,-375
367237909,-2616,1340,15668,-95,245,-28
367241404,-2600,900,15812,-292,364,-304
367244936,-3232,632,15372,-40,30,-173
367248320,-3212,2336,15484,5,149,241
367251616,-4176,-1964,16768,-88,8,-199
367255086,-4008,368,16144,-38,153,-68
367258469,-2812,64,16188,-176,-81,-331
367261939,-3096,1168,15492,-89,73,-240
367265409,-3112,1752,15604,-53,-10,191
367268928,-3232,-1228,16908,-48,276,51
367272349,-4396,356,16332,-40,280,106
367275733,-2452,484,16092,-300,319,-351
367279289,-3120,940,15556,-122,223,-189
367282846,-3092,2352,15496,-211,5,-266
367286316,-3344,428,15520,191,-94,223
367289699,-4212,712,15928,-45,45,29
367292932,-2868,-416,16336,-56,-63,-193
367296466,-2252,1228,15252,-264,215,-322
367300109,-2516,1040,16012,-88,-83,-204
367303666,-3092,576,15572,-183,331,-82
367307136,-2576,2232,15352,-62,108,67
367310519,-3976,-1468,16916,-95,352,11
367314024,-4068,56,16328,-101,308,1
367317224,-2628,696,15872,-215,42,-351
367320669,-3292,492,15572,-34,-35,-55
367324052,-3072,1832,15288,-39,-114,-37
367327609,-3628,-1192,16348,175,-135,188
367331253,-4160,-32,15972,-135,214,-68
367334723,-2344,560,15840,-209,223,-387
367338279,-2520,1232,15348,-276,301,-157
367341947,-2556,820,16040,-226,247,-295
367345480,-3312,668,15628,44,110,171
367348776,-3388,2264,15444,-6,4,269
367351986,-4124,-1932,16804,-88,150,-234
367355629,-2964,1280,15512,-80,17,-45
367359013,-3008,52,16264,-123,-5,-325
367362396,-2876,1264,15480,125,-194,107
367365956,-3280,1772,15584,-23,-3,250
367369384,-3056,-1244,16580,-219,314,-326
367373066,-4172,536,16124,-33,180,125
367376449,-2424,368,16188,-303,481,-275
367380006,-3148,980,15640,-110,54,-192
367383476,-3128,2248,15668,-170,69,-219
367387033,-3420,524,15368,102,-145,179
367390503,-4124,384,16092,98,-119,63
367393822,-3344,-1224,16420,-120,1,-220
367397356,-2316,1176,15220,-159,247,-159
367400999,-2628,1032,16192,-108,58,-173
367404556,-2572,1524,15100,-234,214,-165
367408200,-2568,2440,15476,9,170,133
367411496,-3872,-1468,16856,30,73,270
367414914,-4248,60,16168,-44,259,-20
367418201,-2616,1028,15972,-243,9,-311
367421646,-2804,1380,15636,11,-155,-23
367425116,-3056,1928,15364,-47,16,-55
367428499,-3236,712,15716,119,-156,178
367431969,-3948,-124,15948,-82,293,-35
367435439,-2240,696,16052,-269,219,-425
367438996,-2732,1184,15676,-227,308,-115
367442664,-2616,984,16232,-265,367,-297
367446196,-3272,464,15544,-65,0,-142
367449493,-3584,2140,15588,-6,193,260
367452876,-4080,-1912,16884,-94,-13,-230
367456520,-4120,352,15964,-53,102,-65
367459903,-2852,188,16228,-162,-94,-333
367463460,-2160,1692,15348,-72,-40,-164
367467065,-2964,1820,15464,-97,80,137
367470400,-3512,-168,15808,-43,231,22
367473783,-4224,264,16464,-84,307,50
367477079,-2488,564,16076,-353,378,-298
367480636,-2992,912,15560,-79,141,-199
367484106,-3036,2684,15448,-255,49,-228
367487663,-3632,64,15604,197,-102,224
367491069,-3968,652,15916,44,-31,60
367494256,-3452,-1164,16328,-70,-48,-188
367497899,-2316,1308,15276,-233,176,-340
367501543,-2504,1012,16088,-126,-24,-160
367505186,-3160,380,15504,-156,313,-75
367508656,-2532,2184,15364,-31,61,99
367511953,-3992,-1420,16816,49,83,242
367515371,-4264,-48,16156,-84,301,-50
367518744,-2612,876,15808,-218,41,-332
367522189,-2768,1436,15452,-45,-8,-48
367525573,-2880,1992,15348,21,-146,9
367528869,-3904,-1384,16680,171,-121,227
367532513,-3920,152,16152,-118,222,-42
367535983,-2324,484,16140,-189,197,-362
367539539,-2836,1372,15536,-287,353,-172
367543207,-2664,572,16244,-275,302,-304
367546739,-3172,944,15260,32,106,191
367550036,-4040,468,16024,38,19,328
367553246,-4096,-1828,16860,-110,111,-248
367556976,-2804,1140,15576,-56,90,6
367560186,-2916,-76,16220,-163,-39,-379
367563742,-2896,1324,15540,-122,113,-231
367567447,-3140,1736,15572,-52,-30,225
367570856,-3096,-1220,16580,-37,385,14
367574326,-4100,680,16196,-15,153,107
367577709,-2576,12,16128,-257,404,-207
367581179,-3080,876,15640,-152,120,-251
367584736,-3052,2416,15564,-184,-7,-246
367588293,-3356,288,15312,102,-62,163
367591699,-4088,664,16048,51,-158,48
367594973,-3600,-1248,16500,-55,32,-171
367598529,-2224,1096,15436,-238,136,-358
367602173,-2512,960,15944,-85,-17,-148
367605643,-3164,460,15564,-245,339,-148
367609200,-2700,2416,15188,45,24,141
367612496,-3760,-1592,17068,-265,436,-95
367616182,-4236,548,16064,-21,203,33
367619436,-2720,136,16228,-187,111,-313
367622993,-2760,1384,15396,-123,-24,-122
367626636,-3004,1800,15284,-113,-96,-257
367630280,-3028,644,15656,114,-63,163
367633663,-3836,280,15772,-56,8,232
367636873,-2792,-1148,16532,-202,290,-372
367640607,-2900,1100,15508,-112,222,28
367644098,-2740,644,15980,-253,382,-337
367647630,-3080,760,15316,-78,96,-138
367651013,-3272,2444,15576,18,22,235
367654310,-4080,-1848,16980,-104,83,-191
367657953,-3880,440,15880,-34,11,-45
367661250,-2864,-16,16484,-161,-16,-317
367664806,-2376,1288,15216,-206,65,-288
367668412,-3208,2128,15552,-69,-32,-150
367671920,-3216,168,15452,-87,297,84
367675216,-4252,776,16268,13,169,144
367678513,-2456,-8,16164,-315,475,-193
367681983,-3136,968,15516,-127,98,-242
367685453,-3100,2300,15720,-195,113,-291
367689096,-3324,640,15448,124,-203,167
367692591,-3292,1972,15332,96,-84,96
367695863,-3460,-1236,16444,-124,-36,-174
367699593,-3832,168,15948,-121,224,-81
367703063,-2452,712,16000,-146,86,-235
367706533,-2588,1468,15472,-240,243,-134
367710177,-2488,2256,15252,13,205,135
367713560,-3388,168,15748,3,64,168
367716724,-4024,640,16004,0,281,61
367719806,-2848,64,16128,-276,20,-395
367723189,-3260,1096,15688,-82,-52,-115
367726746,-3008,1980,15392,-31,-113,18
367730216,-3656,-1116,16336,121,-129,140
367733859,-4024,324,16008,-73,254,36
367737156,-2368,100,16136,-227,200,-325
367740716,-3020,1100,15712,-270,354,-157
367744381,-2584,704,15968,-303,356,-334
367747913,-3172,780,15460,53,13,147
367751123,-3952,1284,15960,-22,160,153
367754593,-4116,-1688,16600,-28,-19,-89
367758149,-3012,932,15624,-2,117,-51
367761446,-2812,236,16220,-165,-104,-310
367765089,-2848,1112,15524,-108,73,-210
367768694,-3076,1976,15584,-81,31,151
367772029,-3232,-1468,16904,-39,230,51
367775499,-4024,836,16208,-30,274,131
367778883,-2800,-312,16420,-306,316,-417
367782526,-2928,824,15988,-153,241,-294
367786083,-3292,2240,15536,-188,3,-216
367789553,-3508,168,15760,134,-116,161
367793047,-4016,676,15720,44,-57,83
367796233,-3496,-1400,16460,-99,-55,-202
367799876,-2468,1068,15288,-245,305,-335
367803519,-2364,860,16024,-150,-37,-216
367807076,-3088,636,15332,-159,288,-107
367810633,-2500,2272,15332,-45,148,78
367814016,-3992,-1380,16832,62,13,209
367817441,-4016,564,16272,-120,286,-7
367820783,-2660,276,15952,-211,14,-365
367824253,-2708,1336,15484,-80,51,-164
367827723,-3012,1884,15388,41,-211,63
367831106,-3364,348,15956,109,-47,183
367834489,-3860,392,15960,-97,153,2
367837699,-2384,316,16196,-167,97,-298
367841194,-2712,1360,15584,-310,341,-214
367844812,-2620,2116,15496,-228,226,-249
367848456,-3220,568,15488,21,96,149
367851666,-4072,940,16144,17,172,145
367854962,-2852,-560,16328,-79,133,-196
367858519,-2800,1244,15684,-136,-35,-145
367862163,-3028,208,16300,-54,-65,-231
367865636,-3064,1092,15708,53,-143,80
367869064,-3084,2048,15272,-6,-2,230
367872312,-3172,-1524,16796,-233,337,-297
367876043,-4132,848,16068,-31,168,108
367879426,-2844,-268,16136,-301,441,-399
367883069,-2728,1072,15688,-191,125,-377
367886713,-3400,2476,15248,-111,-26,-135
367890356,-3688,-296,15820,113,-123,113
367893938,-3204,2004,15268,43,-125,58
367897296,-3548,-1588,16488,-107,24,-178
367900940,-3760,-84,16128,-202,261,-197
367904496,-2764,980,16220,-103,106,-164
367908053,-2520,1408,15448,-222,233,-109
367911697,-2476,2228,15032,-174,270,-193
367915340,-3756,-96,15900,41,106,213
367918679,-3920,508,16060,-11,113,238
367922020,-3832,-1708,16652,-153,122,-330
367925750,-3636,364,15916,-154,57,-143
367929220,-2736,1028,16064,-65,-82,-243
367932777,-2264,1468,15376,-45,-19,-61
367936247,-3204,1676,15180,-58,93,185
367939630,-2696,-1096,16592,-42,370,-33
367943212,-4120,388,16280,-140,269,-5
367946570,-2648,820,16080,-329,462,-325
367950127,-2892,1196,15684,-37,-5,-149
367953597,-3624,2240,15552,-111,49,-101
367957154,-3748,-432,16160,103,-98,144
367960624,-3560,1388,15332,85,-79,111
367964007,-3172,-1104,16440,-161,0,-294
367967613,-3416,260,15780,-181,223,-178
367971120,-2760,1168,16080,-107,77,-124
367974677,-2648,1436,15272,-183,213,-82
367978234,-2884,1948,15184,55,183,186
367981617,-3824,-548,16352,-32,151,141
367985087,-3772,500,16060,-58,283,-96
367988471,-2612,780,15932,-209,152,-345
367992052,-2836,1292,15368,-14,-128,-83
367995584,-2848,1348,15804,-69,-41,-171
367999141,-3504,-120,16264,81,-167,134
368002611,-3508,1292,15396,-22,149,181
368006081,-2476,-780,16292,-223,94,-391
368009638,-3800,572,16184,-220,287,-113
368013194,-2532,1352,15880,-373,472,-367
368016861,-2848,1140,15524,-30,9,-95
368020170,-3324,2124,15356,-48,47,60
368023431,-4044,-1048,16244,54,-57,76
368026814,-3784,532,15884,-75,143,-111
368030284,-2808,504,16248,-164,10,-335
368033754,-2304,1512,15328,-65,-36,-93
368037224,-3164,1716,15292,-67,72,-4
368040524,-3592,-676,16164,-74,303,-12
368044015,-4104,496,16284,-104,329,48
368047374,-3076,-1124,16372,-378,362,-354
368051104,-2780,1212,15564,-80,205,-171
368054661,-2748,1572,15808,-184,54,-137
368058218,-3592,-68,15776,59,-175,51
368061514,-3548,1548,15348,67,0,124
368064724,-3140,-1156,16348,-148,-31,-320
368068556,-3148,296,15688,-174,300,-222
368072011,-2844,1256,15920,-248,101,-376
368075654,-2588,1500,15360,-112,217,-60
368079211,-2596,1756,15780,-115,287,-68
368082768,-3900,-492,16352,-12,157,143
368086238,-3952,1528,15556,96,200,287
368089632,-3428,-1380,16796,-266,54,-431
368093294,-3284,876,15752,-97,27,-122
368096648,-2772,1024,15968,-131,-60,-214
368100291,-2468,1812,15212,26,-186,-5
368103675,-3396,1064,15144,-7,187,175
368107058,-2580,-728,16300,-122,263,-180
368110701,-3748,676,16112,-177,380,-9
368114084,-2788,-756,16304,-369,399,-411
368117751,-2684,1332,15412,-7,36,-54
368121063,-2772,1960,15852,-102,59,46
368124408,-3860,-884,16156,77,-67,65
368127704,-3540,420,16124,-101,125,-115
368131261,-3148,-1012,16524,-203,-40,-345
368134991,-2768,476,15508,-205,237,-293
368138548,-2904,1660,15912,-116,41,15
368141956,-3280,-636,16052,-69,152,-11
368145401,-3280,1996,15512,74,108,267
368148785,-3400,-1452,16632,-62,228,175
368152341,-3520,60,16128,-172,357,-265
368155811,-2704,1772,15952,-245,-12,-437
368159455,-3016,1056,15416,49,-96,62
368162751,-3312,1772,15220,-88,-76,-150
368166356,-3648,-740,16384,58,-107,90
368169691,-3360,408,15756,-24,226,97
368172988,-2384,-460,16244,-208,63,-336
368176545,-2528,1420,15444,-191,304,-134
368180188,-2616,2080,15728,-141,207,-95
368183745,-3772,-644,16136,30,-58,61
368187041,-3860,1784,15516,-16,223,212
368190515,-3488,-1580,16628,-194,58,-360
368194179,-3432,592,15844,-115,153,-147
368197712,-2880,1016,16040,-197,-61,-379
368201355,-2316,1644,15380,34,-69,-50
368204738,-3356,1468,15216,-83,97,48
368208035,-3496,-1136,16644,-86,291,-61
368211592,-4012,616,16272,84,199,230
368214888,-2836,-864,16264,-343,324,-352
368218555,-2836,1200,15512,-101,241,-194
368222210,-2748,2032,15900,-139,-15,-37
368225732,-3012,1240,15504,133,-144,130
368229289,-3600,1208,15368,33,29,90
368232498,-3196,-1156,16292,33,-145,-3
368235968,-3204,292,15756,-220,337,-237
368239525,-2968,1416,15996,-208,42,-405
368243106,-2584,1428,15208,-103,259,-13
368246639,-2644,2044,15776,-94,172,-44
368250108,-3988,-904,16616,-28,236,140
368253579,-3812,1328,15744,-18,273,210
368257049,-3280,-1236,16508,-211,69,-412
368260692,-3208,744,15696,-117,124,-165
368264249,-2876,1412,15772,-22,-209,-138
368267941,-2636,1308,15588,57,-99,28
368271189,-3648,1084,15540,-33,105,159
368274659,-3412,-1352,16776,-93,247,-140
368278302,-3808,712,15872,63,240,195
368281599,-2888,-764,16432,-313,296,-375
368285242,-2684,1400,15252,-194,241,-314
368288886,-2920,2332,15668,-32,-55,129
368292380,-3940,-1272,16180,106,-176,182
368295999,-3852,1232,15616,27,47,39
368299209,-3008,-1028,16440,-5,-108,-54
368302766,-2724,704,15508,-222,320,-339
368306323,-2708,1812,15728,-203,23,-359
368309879,-2840,1132,15348,-21,237,75
368313263,-3420,1552,15492,-92,174,32
368316669,-4104,-1188,16728,-61,246,78
368320116,-3592,240,15912,-8,290,211
368323449,-2836,-680,16284,-255,33,-475
368326969,-3008,1312,15328,29,-75,93
368330265,-3516,1428,15336,-57,-179,-127
368333909,-3648,-408,16184,110,-16,106
368337379,-3776,624,15708,-34,101,171
368340766,-2332,-408,16240,-206,166,-465
368344430,-3328,1188,15664,-270,336,-93
368347963,-2564,1532,15848,-161,194,-179
368351606,-2836,1216,15224,15,80,28
368354816,-3700,1500,15592,12,141,251
368358199,-3616,-1464,16612,73,32,-16
368361582,-3196,920,15808,-153,27,-129
368365052,-3004,1004,15896,-126,-54,-325
368368744,-2352,1604,15256,-40,-29,-69
368372166,-2892,2032,15788,-36,-78,113
368375636,-3412,-1144,16344,-144,396,-80
368379279,-3744,1148,15800,68,83,217
368382576,-2904,-728,16212,-345,481,-399
368386219,-3204,548,15872,-143,186,-216
368389776,-2964,1912,15796,-99,50,4
368393010,-3780,-684,15936,58,-79,107
368396369,-3500,1248,15596,57,-45,104
368399752,-3208,-1068,16396,-146,54,-303
368403396,-3132,332,15664,-220,196,-243
368406953,-2672,1560,15936,-221,134,-386
368410596,-2800,1344,15208,-117,180,17
368414066,-2592,1892,15780,-104,126,-62
368417646,-3896,-708,16436,-89,270,137
368421093,-3956,1376,15636,16,144,226
368424511,-3180,-1184,16480,-233,182,-413
368428206,-3064,1080,15676,-151,19,-165
368431763,-2916,1204,15928,-127,-56,-329
368435407,-2652,1456,15520,21,-50,27
368438703,-3648,972,15656,-52,-48,193
368442111,-3416,-1400,16684,-131,392,-160
368445817,-3512,772,15852,-15,166,139
368449200,-2688,-392,16120,-278,452,-370
368452843,-2972,1212,15536,-163,173,-255
368456487,-3116,2308,15948,-58,0,77
368459697,-4112,-1304,16384,129,-47,198
368463253,-3832,976,15768,28,-8,67
368466425,-3104,-876,16568,-185,78,-345
368469933,-2896,548,15496,-241,183,-328
368473490,-2832,1736,15916,-75,52,18
368476786,-2920,1108,15388,-88,194,52
368480169,-3312,1476,15552,78,176,198
368483553,-3300,-1060,16612,-84,319,81
368487023,-3584,192,16124,-85,203,-165
368490496,-2620,1696,15772,-274,186,-424
368494161,-2852,1432,15372,47,-171,45
368497520,-3544,1412,15440,13,-91,-51
368500903,-3704,-712,16340,50,-112,43
368504286,-3400,280,15704,-155,330,-201
368507843,-2288,-444,16248,-222,134,-344
368511486,-2672,1532,15532,-292,312,-156
368515130,-2448,1864,15840,-122,270,-93
368518710,-2976,1112,15340,-3,-54,22
368521983,-3868,1828,15504,51,171,269
368525401,-3516,-1620,16812,3,24,-7
368528576,-3380,816,15748,-98,40,-137
368531959,-2880,880,15876,-125,-72,-200
368535516,-3396,268,15980,-6,-114,-27
368538899,-3296,1404,15520,15,127,199
368542307,-2716,-960,16584,-132,300,-100
368545926,-4056,720,15948,-161,332,-26
368549396,-2528,892,16000,-359,453,-349
368552953,-2820,1180,15548,-47,22,-126
368556423,-3476,2264,15328,-113,90,-10
368559893,-3928,-808,15936,109,-142,93
368563363,-3672,728,16020,56,-14,87
368566633,-3312,-1164,16604,-179,45,-277
368570216,-2104,1620,15440,-259,238,-290
368573860,-2800,1632,15824,-84,101,-30
368577329,-3436,-440,16064,-118,140,11
368580800,-3092,1936,15380,77,209,202
368584183,-3460,-1496,16728,-62,251,164
368587739,-3868,296,16192,-79,240,-104
368591234,-2624,996,16008,-232,169,-398
368594766,-2916,1516,15448,11,-136,-15
368598236,-3324,1568,15340,-34,-62,-154
368601793,-3600,-84,15884,65,-160,81
368605090,-3672,4,15952,15,113,196
368608213,-2724,716,16208,-227,137,-400
368611769,-2568,1548,15392,-172,284,-93
368615326,-2552,1556,15960,-184,271,-189
368618993,-3568,-76,15696,25,44,201
368622179,-3948,592,16100,11,194,232
368625511,-3776,-1928,16768,-141,13,-290
368629119,-2872,1548,15352,-87,133,-150
368632676,-2896,504,16164,-125,-138,-272
368636320,-2112,1480,15196,-85,3,-162
368639703,-3276,1800,15240,-22,50,221
368643111,-2856,-1228,16620,-29,232,39
368646556,-3972,492,16280,-136,352,-2
368649939,-2592,832,16052,-347,318,-327
368653496,-2760,1024,15504,-25,156,-147
368657053,-3320,2424,15388,-207,29,-167
368660609,-3572,-68,15648,172,-109,188
368664080,-4072,480,16032,57,4,107
368667251,-3248,-1084,16432,-123,-15,-266
368670933,-2328,1164,15368,-138,272,-130
368674576,-2540,1160,16000,-123,-11,-173
368678220,-2628,1548,15300,-131,245,-75
368681776,-2836,2072,15252,14,105,160
368685160,-3808,-304,15968,29,97,171
368688456,-4164,368,16132,-45,291,35
368691777,-2632,544,16128,-218,73,-370
368695223,-2616,1876,15356,-37,-17,-57
368698693,-3252,1516,15360,97,-172,104
368702163,-3456,-140,15992,62,-65,29
368705459,-3844,492,15664,-80,179,9
368708669,-2412,224,16036,-187,66,-338
368712139,-2588,1660,15328,-290,339,-199
368715786,-2524,2232,15316,-219,222,-224
368719449,-3280,228,15652,21,162,117
368722723,-4068,972,15956,-30,26,248
368726054,-4020,-2036,16924,-66,127,-208
368729663,-2796,1324,15480,-91,109,-123
368733219,-2804,408,16304,-149,-82,-256
368736776,-3072,728,15676,-80,114,-189
368740246,-3112,2040,15376,-52,-20,172
368743741,-3284,-1472,16696,15,273,99
368747099,-4224,448,16152,-89,214,3
368750309,-2632,276,16000,-256,366,-295
368753866,-3140,868,15572,-140,162,-224
368757423,-3096,2528,15568,11,3,224
368760632,-4304,-1764,16524,129,-52,224
368764189,-4040,660,16076,1,46,-1
368767274,-2972,-360,16272,-193,73,-312
368770782,-2308,1116,15184,-203,119,-307
368774426,-3036,1976,15588,-56,88,118
368777809,-2968,812,15496,-52,220,56
368781105,-4176,724,16068,54,196,173
368784402,-2620,-404,16164,-363,366,-403
368788045,-3272,572,15964,-118,153,-213
368791627,-2916,1968,16072,-253,164,-377
368795246,-2992,1204,15420,97,-204,149
368798716,-3116,1800,15340,70,-64,63
368802012,-3780,-1224,16836,-25,-40,-93
368805569,-2716,784,15536,-105,201,20
368808952,-2436,92,16260,-187,93,-347
368812335,-2796,1292,15428,-275,262,-187
368816002,-2564,2256,15496,-81,241,41
368819362,-4136,-1044,16576,47,-43,130
368822832,-3936,1196,15888,36,272,211
368826250,-3108,-952,16192,-73,32,-150
368829685,-2992,1116,15660,-105,17,-162
368833242,-2732,1500,15544,-194,32,-349
368836799,-2832,1348,15396,133,-169,96
368840269,-3796,676,15532,-45,74,165
368843590,-3172,-1324,16652,-166,252,-225
368847296,-3304,912,15796,23,272,142
368850592,-2620,-52,16216,-351,298,-374
368854149,-2792,1176,15120,-121,134,-244
368857792,-3144,2324,15832,-94,26,112
368861175,-3996,-1500,16592,94,-184,141
368864732,-3944,904,15888,38,66,86
368867904,-2948,-856,16520,-204,-30,-406
368871499,-2568,932,15556,-197,265,-304
368875056,-3004,1760,15812,-102,-45,55
368878526,-2960,812,15540,-19,204,70
368881822,-3912,1196,15836,41,159,219
368885205,-2764,-748,16276,-134,276,-28
368888762,-3472,380,15680,-137,233,-162
368892343,-2848,-400,16056,-262,45,-401
368895875,-3096,1240,15356,97,-73,119
368899259,-2884,1508,15472,-11,-158,-61
368902816,-3880,-800,16404,45,-35,7
368906025,-3188,264,15740,-102,233,73
368909409,-2352,-40,16184,-170,71,-387
368912879,-2600,1376,15152,-177,249,-11
368916459,-2588,2124,15648,-69,97,4
368919645,-3868,-912,16608,-67,286,102
368923115,-3824,256,16132,42,157,225
368926447,-3340,-1204,16448,-216,133,-425
368930142,-3452,912,15808,-144,78,-113
368933612,-2748,788,15964,-116,-59,-287
368937169,-2260,2176,15152,25,-85,3
368940378,-3780,432,15440,15,64,198
368943612,-2208,100,16100,-278,203,-478
368947145,-3812,804,15888,-128,257,44
368950528,-2668,1028,16152,-255,341,-323
368954172,-2520,1924,15176,-81,28,-56
368957555,-3872,1532,15496,120,77,371
368960938,-3728,-1368,16840,-8,139,-95
368964408,-3548,860,15768,-68,32,-22
368967754,-2952,380,16048,-124,8,-338
368971088,-2260,1848,15200,-42,-112,-158
368974731,-3328,1524,15368,-17,-61,52
368978115,-3524,-616,16152,-115,370,-44
368981671,-4160,360,16136,-86,250,43
368984968,-3176,-1116,16428,-385,510,-308
368988698,-2956,1000,15448,-69,186,-107
368992279,-2604,1156,16144,-173,130,-183
368995898,-2780,1756,15272,-4,-155,52
368999281,-3660,1016,15424,122,-37,144
369002751,-3232,-904,16384,-22,28,-47
369006135,-3372,200,15644,-141,245,-153
369009692,-2580,1220,16148,-240,207,-428
369013335,-2620,1488,15096,-123,190,-38
369016915,-2572,1596,16052,-124,274,-132
369020535,-3768,-336,16248,8,47,21
369023658,-3992,280,16176,20,186,270
369026990,-3584,-1496,16716,-233,99,-377
369030598,-2796,1524,15492,-129,45,-160
369034155,-2816,1108,15924,-108,-51,-178
369037799,-2344,1532,15536,19,-133,-72
369041293,-3444,1500,15412,4,154,220
369044565,-2780,-1132,16740,-106,279,-74
369048209,-3860,476,16068,-198,371,-61
369051679,-2792,-632,16252,-305,396,-363
369055322,-2668,1376,15540,-46,-6,-107
369058792,-3020,1760,15932,-84,121,-33
369062262,-3832,-716,16020,107,-138,118
369065822,-3420,1660,15380,87,-17,147
369069304,-3488,-1500,16548,-143,-21,-249
369072932,-2980,-236,16024,-301,291,-453
369076576,-2188,856,15916,-227,96,-341
369080046,-2880,776,15512,-67,138,-12
369083429,-3024,2308,15328,-126,217,-106
369087073,-3840,-832,16428,-31,161,186
369090546,-4092,1268,15996,25,143,211
369093950,-3180,-1060,16392,-278,103,-393
369097656,-3248,848,15768,-153,19,-154
369101126,-2868,1300,15944,-89,-20,-155
369104683,-2648,1476,15444,48,-172,42
369108066,-3452,1200,15508,2,187,140
369111363,-2540,-660,16392,-122,269,-98
369114919,-3812,644,16072,-227,401,-125
369118499,-2684,-404,16156,-364,444,-375
369122120,-2920,1148,15592,-9,-30,-4
369125416,-2916,2124,15924,-70,90,46
369128751,-3888,-1008,16304,47,-78,76
369132096,-3800,548,16024,-103,161,-112
369135652,-3064,-1052,16420,-180,-40,-380
369139383,-2764,600,15756,-242,272,-297
369142964,-2976,1612,16004,-86,41,-14
369146323,-3376,-524,16024,-75,162,27
369149706,-3416,1496,15604,67,196,226
369153089,-3020,-1104,16580,-120,223,24
369156646,-3568,344,15868,-74,294,-129
369160116,-2776,1524,15784,-287,100,-432
369163760,-2924,1428,15500,58,-134,73
369167191,-3416,1460,15280,-62,-30,-98
369170613,-3588,-324,15936,67,-116,82
369173996,-3456,-80,15740,33,163,169
369177293,-2440,-360,16336,-295,103,-438
369180936,-2664,1472,15364,-115,285,-28
369184493,-2628,1648,15968,-164,156,-125
369188136,-3692,-344,16120,-16,2,37
369191371,-3792,1736,15620,23,150,244
369194729,-3520,-1524,16672,-185,84,-381
369198373,-3336,796,15904,-112,122,-131
369201930,-2804,1072,15884,-207,15,-380
369205486,-2344,1684,15644,74,-126,-3
369208870,-3312,1500,15296,-135,131,56
369212340,-3464,-800,16404,-65,276,-76
369215813,-4140,308,16184,-227,424,-35
369219303,-2836,-712,16244,-400,334,-407
369222923,-2840,1288,15468,-59,212,-209
369226480,-2860,1904,15932,-190,38,-52
369229985,-3900,-652,16040,113,-217,125
369233507,-3532,1276,15460,47,23,104
369236803,-3268,-1112,16364,10,-92,25
369240186,-3320,184,15680,-184,326,-246
369243768,-2844,1344,16168,-249,37,-407
369247300,-2624,1484,15256,-109,271,-18
369250857,-3104,1968,15352,-140,193,-40
369254413,-4016,-776,16440,-14,196,151
369257883,-3788,356,15964,34,281,210
369261180,-3364,-1316,16572,-230,26,-379
369264823,-2824,1508,15404,-132,118,-160
369268515,-2876,1264,15760,-84,-146,-178
369272110,-2512,1388,15460,59,-135,12
369275494,-3556,1324,15396,-88,78,163
369278877,-2428,-684,16308,-97,270,-105
369282434,-3776,552,15964,-294,407,-109
369285990,-2756,-452,16244,-354,312,-368
369289634,-2864,1140,15256,-106,217,-215
369293302,-2924,2020,15880,-141,-2,11
369296661,-3948,-1060,16240,139,-192,151
369300304,-3844,1024,15476,18,68,96
369303514,-2996,-1020,16304,-141,-43,-340
369307244,-2924,616,15632,-229,322,-295
369310801,-2312,180,15984,-204,18,-360
369314271,-2776,1368,15404,-66,214,19
369317677,-3316,1728,15224,-116,215,-6
369321124,-4128,-1120,16788,-40,194,118
369324681,-3788,264,16024,-33,305,201
369328064,-3124,-936,16252,-250,46,-457
369331656,-2756,1660,15576,-117,90,-139
369335177,-2780,1272,15948,-59,-160,-143
369338821,-2696,1436,15380,53,-107,39
369342229,-3664,1100,15652,-39,104,175
369345674,-3340,-1200,16780,-163,249,-174
369349405,-3476,712,15856,45,268,165
369352701,-2660,-360,16096,-324,320,-379
369356345,-2984,1208,15492,7,60,18
369359468,-3624,1956,15452,-93,34,26
369362764,-3888,-1096,16404,97,-38,75
369366196,-3520,608,16032,-119,97,-123
369369617,-2836,-768,16376,-190,-59,-360
369373261,-2184,1632,15344,-89,57,-130
369376731,-2884,1920,15880,-51,-75,52
369380114,-3536,-888,16240,-64,388,-32
369383584,-3348,1864,15476,47,124,217
369386967,-3180,-1176,16552,-324,378,-274
369390701,-3804,76,16144,-179,348,-204
369394192,-2640,1740,15812,-144,-25,-95
369397724,-3008,1304,15364,88,-74,95
369401021,-3460,1616,15340,56,-71,72
369404317,-3460,-1244,16380,105,-80,123
369407874,-3516,40,15932,-206,259,-247
369411344,-2892,1268,16048,-176,31,-401
369414901,-2472,1456,15432,-161,296,-77
369418481,-2580,1660,15908,-158,176,-152
369422101,-3716,-260,16156,32,214,223
369425484,-3796,1784,15360,2,104,275
369428781,-3596,-1620,16540,-180,134,-376
369432546,-3644,696,15884,-147,96,-110
369435981,-2868,836,16008,-110,-111,-220
369439625,-2364,1624,15312,-13,-6,-48
369443032,-3216,1600,15328,-12,83,199
369446391,-3564,-1040,16260,-43,327,-58
369449948,-3900,756,16208,-152,273,-8
369453331,-2992,-968,16404,-256,390,-298
369456975,-2764,1184,15492,-131,80,-154
369460531,-2740,1888,15924,-143,-13,-60
369464088,-3716,-564,15844,101,-69,113
369467607,-3548,1372,15520,35,-105,93
369470941,-3376,-1244,16416,-131,76,-252
369474585,-3176,76,15800,-259,275,-313
369478055,-2876,1416,16200,-196,44,-403
369481612,-2620,1392,15324,-158,269,-13
369485168,-2616,1800,15848,-137,165,-119
369488812,-3812,-508,16448,-32,281,207
369492306,-3836,1660,15748,29,105,261
369495665,-3472,-1404,16532,-206,146,-405
369499395,-3168,956,15660,-170,71,-147
369502865,-2888,1144,15988,-169,-43,-344
369506509,-2544,1656,15312,44,-45,-2
369509805,-3368,1184,15452,-18,66,216
369513189,-3532,-1052,16520,-72,353,-107
369516855,-3684,472,16312,16,178,200
369520129,-2748,-592,16100,-337,392,-356
369523772,-2944,1092,15560,-47,23,-90
369527155,-2872,1808,15824,-99,6,-10
369530452,-3944,-768,16216,106,1,121
369533783,-3872,424,16236,66,-71,95
369536958,-2800,620,15940,-173,116,-308
369540518,-2328,1504,15384,-51,-70,-136
369544096,-2924,1352,15928,-110,87,-73
369547542,-3344,-288,15892,-49,257,39
369550925,-4200,492,16260,78,88,214
369554135,-3216,-1200,16456,-355,461,-268
369557865,-3136,948,15632,-55,159,-107
369561335,-2780,1112,16012,-219,128,-189
369564978,-2736,1592,15464,-6,-149,28
369568422,-3304,1516,15272,127,-52,118
369571832,-3424,-1200,16436,42,-18,64
369575215,-3492,404,16036,-143,232,-161
369578772,-2632,792,16108,-219,191,-360
369582328,-2484,1560,15360,-181,219,-146
369585972,-2672,1660,16152,-125,218,-131
369589615,-3712,-244,16032,-27,66,40
369592936,-3444,1860,15532,7,131,249
369596208,-3644,-1716,16692,-210,93,-338
369599852,-3656,540,15876,-109,29,-145
369603322,-2868,748,16004,-71,-20,-240
369606792,-2112,1660,15116,-43,-92,-107
369610348,-3300,1452,15408,-19,159,208
369613819,-3272,-804,16284,-99,286,-58
369617312,-4036,392,16444,-131,294,-23
369620759,-3020,-940,16304,-352,461,-363
369624402,-2880,1248,15476,-38,-2,-119
369627872,-2628,1728,16000,-138,104,-110
369631516,-3648,-504,15900,67,-185,113
369635020,-3556,1128,15360,83,6,77
369638109,-3196,-1064,16576,-167,-16,-253
369641863,-3228,-36,15836,-202,273,-246
369645396,-2780,1512,15844,-232,205,-431
369649039,-2540,1456,15448,-76,146,36
369652422,-3120,1896,15328,-108,250,-66
369655979,-3744,-492,16260,-34,166,139
369659449,-3916,20,16136,81,158,275
369662659,-3236,-1128,16556,-284,134,-422
369666437,-2628,1460,15480,-160,-12,-144
369670033,-2928,1240,15796,-77,25,-169
369673503,-3564,-128,16308,60,-198,-7
369676886,-3384,1196,15516,-21,199,168
369680356,-2384,-664,16276,-119,317,-93
369683913,-3660,596,16200,-184,319,-106
369687469,-2784,-300,16056,-351,423,-300
369691142,-2844,1132,15372,-48,19,-103
369694583,-2888,2424,15908,-28,55,45
369697879,-4100,-1384,16164,71,-75,99
369701263,-3708,616,15836,21,25,39
369704386,-2636,744,16136,-172,-35,-328
369707942,-2364,1624,15328,-70,-12,-157
369711499,-2796,1888,15872,-114,101,-27
369715056,-3504,-852,16120,-38,239,22
369718462,-3648,1372,15672,55,240,183
369721822,-3020,-952,16472,-307,297,-312
369725466,-3624,300,16108,-110,259,-134
369729023,-2752,1656,16068,-146,-30,-127
369732666,-2856,1388,15512,65,-172,91
369736084,-3564,1508,15392,-35,-19,-74
369739519,-3748,-620,16376,69,-156,69
369742927,-3260,124,15820,-234,415,-221
369746459,-2232,-328,15972,-248,36,-424
369750016,-2508,1532,15244,-272,370,-170
369753660,-2640,1672,15996,-135,202,-111
369757303,-3080,1056,15276,4,-27,52
369760513,-3696,1684,15616,32,195,236
369763896,-3384,-1204,16700,-230,25,-389
369767588,-3668,716,15732,-58,125,-43
369770923,-2796,528,16036,-221,15,-390
369774393,-2048,2320,15352,10,-133,-63
369777863,-3608,684,15516,-27,112,267
369781246,-3680,-1688,16852,-184,304,-276
369784976,-3672,1044,16032,38,223,167
369788360,-2908,-1088,16432,-318,341,-379
369792114,-3312,488,15800,-160,250,-302
369795647,-2824,2268,15852,-69,-59,70
369799030,-3976,-1056,16240,126,-151,147
369802673,-3580,1224,15380,24,5,80
369805796,-3192,-1120,16436,-138,-14,-304
369809527,-2928,488,15624,-247,352,-308
369813083,-2316,168,16064,-185,26,-321
369816576,-2748,1332,15212,-40,231,34
369819937,-3296,1444,15604,-109,223,-20
369823493,-4084,-960,16588,-51,239,95
369826877,-3752,172,16060,14,270,215
369830173,-3116,-928,16484,-289,70,-467
369833730,-2952,1520,15380,-120,49,-160
369837322,-2904,1444,15720,-58,-177,-109
369840955,-2672,1480,15572,81,-157,50
369844313,-3848,760,15636,-59,189,179
369847697,-2400,-328,16164,-183,231,-274
369851340,-3192,1216,15868,-259,436,-116
369854984,-2820,-344,16108,-281,285,-348
369858627,-2872,1260,15284,-165,177,-307
369862271,-3068,2612,15644,-24,8,198
369865571,-4240,-1768,16652,44,40,-17
369868999,-3992,876,15768,24,102,30
369872160,-2896,-704,16380,-148,-67,-327
369875804,-2496,1616,15436,-230,269,-323
369879447,-3048,1956,15596,-96,-12,74
369882830,-2948,964,15272,-14,183,118
369886214,-3700,1380,15664,53,149,174
369889597,-3060,-972,16152,-91,220,116
369893091,-3308,20,15992,-211,361,-351
369896537,-2884,2496,15824,-296,-29,-448
369900180,-3192,860,15388,110,-94,153
369903564,-3748,1472,15448,-52,-103,-76
369907120,-3748,-1040,16548,83,-34,42
369910503,-3108,444,15612,-95,265,77
369913800,-2344,-80,16312,-185,33,-380
369917293,-2696,1464,15176,-122,225,16
369920740,-2604,2032,15604,-105,130,-3
369924210,-3988,-984,16572,-33,300,110
369927680,-4056,1172,15600,-13,150,194
369931150,-3164,-972,16448,-239,107,-439
369934794,-3024,828,15580,-158,105,-188
369938385,-2784,1572,15772,-201,-44,-389
369942018,-2636,1512,15328,96,-77,82
369945290,-3520,964,15536,-29,103,120
369948674,-3392,-1100,16488,-88,307,-128
369952317,-3524,516,16208,-10,219,174
369955700,-2672,-200,15972,-334,374,-413
369959344,-2664,1340,15468,-114,254,-217
369962987,-3072,2020,15908,-86,-12,74
369966420,-4040,-1012,16304,130,-109,153
369970014,-3852,808,15552,43,-39,67
369973224,-3008,-748,16332,-30,-34,-92
369976694,-2532,860,15348,-288,238,-322
369980251,-3096,1636,15884,-132,-27,-256
369983894,-2684,976,15080,-110,308,29
369987277,-3632,1500,15600,-43,87,76
369990577,-3992,-1488,17012,-110,346,14
369994155,-3268,576,15800,-28,254,94
369997427,-2920,-528,16316,-219,68,-385
370000984,-2840,1372,15496,10,-146,79
370004367,-2948,1784,15592,26,-164,-29
370007837,-3700,-916,16512,-6,-20,4
370011047,-3192,332,15592,-192,252,-236
370014604,-2412,-280,16120,-186,157,-361
370018270,-2620,1540,15196,-302,309,-128
370021891,-2464,1644,15824,-153,254,-128
370025534,-2768,1520,15184,-35,37,20
370028831,-4052,920,15808,73,153,293
370032127,-3120,-844,16556,-104,146,-179
370035771,-3084,996,15596,-87,-6,-88
370039102,-2892,1164,16012,-128,51,-364
370042648,-2560,1800,15364,35,-188,26
370046007,-3628,828,15300,-28,32,158
370049304,-3428,-1124,16732,-158,273,-187
370053034,-3664,592,16356,65,152,208
370056330,-2684,-532,16168,-374,432,-402
370059974,-2780,1340,15532,-152,115,-238
370063617,-3148,2056,15876,-67,79,77
370067016,-4064,-1000,16212,89,-149,127
370070471,-3792,1056,15704,97,6,107
370073680,-3004,-960,16516,-195,-42,-349
370077324,-2768,616,15544,-225,246,-292
370080881,-2872,1564,16088,-165,110,-317
370084524,-2800,1216,15060,-70,137,32
370087907,-3536,1596,15588,-20,187,53
370091315,-4144,-1264,16792,-138,246,66
370094847,-3572,412,15900,7,196,149
370098057,-2896,-712,16328,-279,110,-441
370101700,-2964,1464,15440,52,-143,51
370105084,-2884,1616,15752,-29,-83,-63
370108554,-3544,-736,16348,32,-70,26
370111850,-3416,240,15716,8,174,136
370115060,-2404,-368,16096,-203,68,-394
370118640,-2428,1464,15156,-112,266,-77
370122174,-2584,1832,15680,-146,215,-114
370125817,-3844,-608,16192,23,-50,79
370129114,-3692,1800,15708,28,181,237
370132497,-3492,-1316,16628,-221,45,-400
370136140,-3460,720,15864,-110,95,-178
370139649,-2780,1264,16032,-57,-136,-160
370143278,-2512,1540,15372,55,-89,-30
370146637,-3320,1516,15420,-92,80,89
370149934,-3372,-1164,16500,-80,280,-67
370153490,-3848,604,16328,-237,389,-60
370156960,-2764,-628,16248,-381,335,-389
370160604,-2796,1280,15440,-114,293,-212
370164247,-2908,1964,15888,-85,-34,27
370167679,-3980,-896,16268,74,-146,139
370171101,-3736,1104,15316,53,-9,106
370174397,-3032,-960,16508,-173,-14,-353
370178041,-2904,580,15560,-248,340,-249
370181597,-2928,1392,15816,-186,1,-363
370185067,-2660,1432,15196,-75,270,27
370188451,-3336,1508,15484,103,39,222
370191858,-4056,-1352,16724,-67,246,61
370195304,-3740,484,15948,-134,244,-131
370198861,-3124,-956,16380,-226,31,-424
370202417,-2928,1452,15256,-4,-37,18
370205714,-2712,1492,15700,-47,-148,-122
370209357,-3700,-488,16312,81,-8,80
370212567,-3620,252,15892,-47,121,109
370215974,-2404,-556,16100,-223,148,-361
370219594,-2520,1692,15248,-304,397,-179
370223237,-2540,1824,15892,-119,183,-120
370226881,-2828,1084,15328,-13,67,-23
370230264,-3584,2240,15460,16,41,256
370233560,-3684,-1940,16864,119,-35,161
370237117,-3556,80,16028,-215,101,-271
370240622,-2728,-72,16360,-208,-42,-384
370244169,-2584,1056,15304,18,-22,-11
370247527,-2832,1820,15836,-140,8,-61
370250911,-3368,-820,16244,-11,332,62
370254294,-4120,332,16332,8,173,175
370257504,-2880,-520,16328,-286,388,-327
370261147,-2976,1020,15572,-102,43,-113
370264704,-2736,1960,15888,-106,-31,-75
370268309,-3784,-728,15968,108,-96,148
370271730,-3640,1264,15404,102,-74,97
370275114,-3024,-1076,16336,-142,73,-327
370278757,-3172,292,15752,-258,248,-264
370282314,-2928,1412,16044,-199,51,-406
370285871,-2604,1420,15336,-123,239,37
370289341,-3028,1936,15428,-124,163,-49
370292922,-4048,-756,16540,-23,289,161
370296368,-3824,1616,15532,26,99,244
370299664,-3320,-1296,16420,-221,137,-404
370303394,-3212,944,15644,-174,92,-174
370306864,-2768,1248,15808,-39,-144,-155
370310508,-2612,1468,15552,48,-64,32
370313804,-3476,1192,15176,-59,74,169
370317211,-2460,-728,16288,-42,338,-103
370320744,-3560,456,16156,-259,346,-168
370324301,-2812,-440,16096,-319,387,-416
370327945,-2684,1196,15360,-34,25,-46
370331328,-2972,2036,16004,-96,-33,20
370334711,-3972,-1008,16344,81,73,110
370338094,-3932,448,15892,55,-81,92
370341347,-3116,-1140,16396,-167,68,-368
370344947,-2384,1584,15456,-266,263,-281
370348591,-2900,1496,15848,-65,54,5
370351801,-3372,-452,16128,-58,270,26
370355184,-3472,1588,15332,96,106,266
370358567,-3320,-1076,16660,-362,403,-329
370362298,-3672,436,16020,-147,210,-132
370365906,-2812,1512,15960,-214,69,-412
370369411,-2948,1452,15200,17,-115,32
370372794,-3332,1508,15252,99,-82,134
370376178,-3716,-436,16208,32,7,88
370379301,-3552,56,15768,-171,249,-222
370382771,-2856,1132,15996,-151,125,-119
370386414,-2580,1488,15344,-174,173,-61
370389971,-3000,2136,15224,-133,207,-82
370393552,-3716,-308,16068,-26,197,174
370396997,-3696,1752,15508,41,52,282
370400294,-3516,-1508,16752,-224,199,-365
370404024,-3588,632,15952,-121,19,-126
370407494,-2892,920,16148,-83,-56,-239
370410964,-2408,1724,15332,-38,-66,-62
370414434,-3336,1496,15316,35,41,172
370417755,-2648,-916,16340,-75,384,-59
370421201,-3788,568,15960,-171,266,-38
370424671,-2564,948,15936,-319,412,-353
370428228,-2616,1264,15432,-70,-10,-129
370431784,-3388,2188,15284,-59,10,-19
370435168,-3816,-748,16104,50,22,94
370438377,-3976,460,16272,-37,41,-80
370441715,-2812,420,16132,-145,101,-332
370445231,-1964,1536,15252,-100,-56,-197
370448874,-3072,1376,15888,-70,63,-25
370452257,-3524,-492,16112,-31,197,80
370455640,-4312,520,16212,56,132,206
370458937,-3332,-1428,16864,-303,370,-266
370462667,-3112,1096,15708,-100,188,-64
370466273,-2676,1040,16068,-216,178,-254
370469867,-2884,1440,15284,0,-144,-40
370473251,-3320,1748,15192,146,-69,150
370476721,-3660,-416,16284,44,-67,101
370480104,-3532,380,15924,-114,275,-122
370483661,-2968,540,16196,-235,200,-359
370487217,-2500,1604,15536,-224,228,-124
370490886,-2748,1464,15936,-125,290,-93
370494418,-3600,-208,16036,-61,22,-34
370497801,-3568,2212,15292,51,89,219
370501097,-3692,-1796,16788,-152,90,-301
370504741,-3744,464,15780,-95,55,-140
370508124,-2720,764,16028,-106,-60,-230
370511681,-2304,1544,15508,-86,-63,-100
370515238,-3204,1812,15312,32,105,187
370518646,-3448,-704,16252,-107,261,17
370522091,-4144,496,16060,-83,314,6
370525301,-2476,844,15952,-366,449,-306
370528858,-2932,1056,15556,-116,70,-162
370532414,-3264,2476,15664,-147,60,-156
370535971,-3600,-28,15920,95,-92,178
370539268,-4152,312,16124,121,-20,105
370542693,-3136,-984,16480,-164,-35,-295
370546294,-2412,1284,15300,-160,240,-164
370549938,-2856,1184,16100,-126,45,-166
370553495,-2372,1668,15264,-158,159,-82
370557051,-2900,2084,15216,21,168,172
370560435,-3844,-244,16092,-7,149,222
370563818,-4064,-276,16232,-35,287,-63
370567348,-2440,1520,15852,-323,213,-474
370570931,-2840,1284,15468,36,-148,37
370574315,-3196,1860,15420,-97,-20,-216
370577871,-3536,156,15848,108,-150,172
370581341,-3512,1220,15532,49,70,199
370584638,-2500,-720,16444,-266,166,-400
370588281,-3812,536,16272,-178,272,-25
370591776,-2532,1256,16020,-228,323,-209
370595395,-2840,1132,15436,-32,27,-106
370598865,-3596,2104,15532,-3,169,268
370602248,-3808,-640,15912,70,-68,121
370605631,-3988,540,15976,-46,125,-82
370609015,-2880,352,16284,-200,39,-331
370612485,-2236,1568,15144,-71,1,-167
370615892,-3136,1856,15276,-21,46,148
370619251,-3300,-220,15948,-37,220,41
370622634,-4196,428,16392,-89,326,59
370625931,-2584,520,16088,-330,329,-305
370629488,-2952,1024,15648,-86,151,-167
370633044,-3168,2504,15524,-217,77,-251
370636601,-3524,376,15604,134,-120,184
370640071,-3992,488,15972,62,-24,112
370643409,-3276,-1060,16412,-116,-36,-272
370647098,-3552,8,15776,-139,314,-161
370650481,-2596,1200,15984,-92,-27,-161
370654038,-2544,1492,15332,-177,229,-91
370657595,-2728,2284,15084,14,123,172
370660978,-3872,-1564,16976,20,73,171
370664361,-4088,544,16284,-62,341,0
370667619,-2628,400,15948,-235,27,-344
370671041,-2764,1552,15332,-41,-4,-65
370674424,-3072,1784,15320,33,-189,78
370677807,-3716,-1152,16400,99,-84,120
370681277,-3860,256,15928,-116,206,-20
370684747,-2396,300,16160,-218,176,-351
370688304,-2792,1408,15424,-287,342,-174
370691972,-2532,1312,15988,-218,203,-223
370695591,-3296,336,15592,21,154,156
370698888,-3432,2560,15360,-9,-2,241
370702184,-4080,-1984,16864,-73,127,-205
370705828,-2820,1276,15308,-99,88,-95
370709211,-3008,432,16188,-99,-95,-274
370712681,-3040,920,15576,-135,93,-217
370716175,-3032,1964,15460,-29,-4,146
370719534,-3160,-1240,16676,-234,356,-276
370723264,-4060,432,16216,-43,182,109
370726648,-2500,388,16028,-276,410,-230
370730204,-2944,908,15724,-118,151,-252
370733761,-2572,1152,15952,-203,4,-256
370737231,-3472,208,15576,136,-13,194
370740618,-3944,584,15884,44,-130,101
370744039,-3444,-1284,16500,-84,46,-216
370747554,-2436,1124,15508,-194,292,-151
370751198,-2596,704,16196,-126,35,-217
370754668,-2608,1620,15440,-212,342,-116
370758311,-2676,2132,15416,33,73,143
370761608,-3996,-1580,16692,33,166,204
370765078,-4164,424,16064,-65,200,15
370768423,-2568,416,16012,-152,94,-335
370771844,-2968,1340,15364,-68,-39,-106
370775401,-3024,1952,15536,-144,-145,-280
370779131,-3196,508,15860,84,-66,143
370782428,-3704,308,15860,-35,24,166
370785724,-2884,-1176,16500,-186,239,-318
370789455,-2832,1368,15628,-176,330,-3
370792949,-2600,744,16132,-220,278,-274
370796481,-3124,656,15504,-103,158,-163
370800038,-3420,2340,15364,-1,27,241
370803334,-4060,-2048,16732,137,-13,170
370806891,-3972,500,16020,-59,15,-62
370810188,-2844,16,16092,-112,27,-301
370813571,-2224,1304,15428,-147,16,-235
370817152,-3128,2052,15556,-56,94,190
370820511,-3268,-48,15672,-47,274,34
370823808,-4192,560,16220,-23,222,155
370827191,-2572,140,15952,-318,477,-225
370830748,-2804,868,15644,-115,74,-256
370834218,-3156,2364,15732,-174,72,-257
370837774,-3428,548,15720,88,-149,164
370841181,-3996,628,15792,118,-146,93
370844576,-3476,-1256,16492,-138,12,-204
370848184,-2392,1116,15432,-139,196,-145
370851828,-2620,736,16080,-149,103,-220
370855384,-2608,1380,15340,-240,233,-169
370859028,-2672,2304,15484,-16,199,159
370862498,-3396,152,15664,39,64,173
370865711,-4104,732,16216,-28,257,48
370869053,-2644,24,16184,-178,134,-270
370872474,-2780,1292,15480,-77,-90,-155
370876031,-3000,1972,15440,-108,11,-261
370879588,-3356,612,15828,112,-182,155
370883058,-3820,400,15824,4,82,153
370886181,-2364,64,16000,-239,262,-288
370889651,-2892,1100,15800,-222,303,-166
370893319,-2524,708,15960,-303,341,-307
370896851,-3168,684,15240,64,-1,140
370900061,-3976,1196,15916,25,106,242
370903444,-4156,-1852,16848,-78,21,-131
370907001,-3036,948,15548,43,85,3
370910037,-2964,1644,15612,-180,-99,-336
370913681,-2972,1176,15516,138,-117,85
370917175,-3104,1944,15596,-109,40,125
370920621,-3356,-1296,16552,-138,278,-205
370924351,-4108,712,16416,-24,320,99
370927647,-2588,148,16136,-329,317,-385
370931204,-3068,604,15896,-100,200,-239
370934761,-2988,2504,15716,-57,-55,111
370938231,-3332,524,15544,164,-125,193
370941724,-4052,712,16000,18,40,33
370944859,-2984,-660,16244,-57,-77,-110
370948381,-2420,892,15376,-246,285,-338
370951937,-3112,1852,15544,-138,-15,-251
370955581,-2976,832,15480,6,252,86
370958704,-3752,1292,15900,-64,145,101
370962174,-4016,-1544,16892,-132,346,-3
370965734,-3600,492,16040,5,234,123
370968990,-2880,-712,16284,-256,71,-414
370972497,-2832,1700,15096,49,-104,76
370975880,-3232,1684,15440,119,-211,111
370979437,-3764,-1084,16516,-84,97,-125
370982994,-3808,648,15764,-69,180,59
370986290,-2560,-100,16160,-161,122,-350
370989934,-2692,1228,15640,-347,369,-237
370993602,-2496,2060,15504,-280,242,-319
370997221,-3064,792,15224,19,115,152
371000517,-4036,1284,15728,48,110,181
371003901,-4068,-1812,16728,-25,133,-128
371007544,-3172,948,15484,-9,15,-5
371010667,-2944,1524,15896,-129,-29,-342
371014311,-2812,1248,15520,43,-120,45
371017718,-3756,1008,15380,6,-53,160
371020990,-3376,-1352,16748,-182,309,-201
371024721,-4304,668,16148,6,136,137
371027930,-2524,-76,16068,-338,451,-392
371031487,-2776,1060,15188,-129,107,-210
371035130,-2832,2256,15960,-74,57,47
371038427,-4168,-1276,16372,92,-135,198
371042007,-4080,396,15948,58,-7,43
371045142,-2716,-248,16348,-210,-45,-370
371048750,-2672,812,15396,-162,113,-236
371052307,-2948,1836,15916,-107,126,-34
371055864,-2736,1224,15168,-12,131,61
371059247,-3544,1340,15684,42,225,211
371062630,-3972,-1208,16760,-156,300,-11
371066376,-3560,340,15752,23,170,124
371069570,-2920,-412,16344,-292,146,-407
371073214,-3080,1144,15356,62,-131,72
371076597,-2812,1832,15488,44,-105,-19
371080067,-3724,-864,16560,3,-87,-27
371083364,-3192,264,15580,-5,188,106
371086660,-2192,40,16176,-241,19,-402
371090043,-2552,1436,15072,-57,222,5
371093364,-3008,2068,15500,-171,207,-48
371096896,-3852,-740,16380,-17,208,140
371100367,-3900,220,16192,34,232,218
371103663,-3184,-1028,16660,-248,49,-399
371107306,-2848,1392,15356,-118,129,-179
371110950,-2720,1516,15868,-54,-173,-110
371114594,-2728,1404,15296,77,-130,82
371118001,-3636,1032,15584,-37,105,133
371121447,-3712,-1164,16612,-114,283,-113
371125177,-3516,652,16128,32,275,159
371128473,-2620,-232,16100,-371,316,-371
371132117,-2816,1100,15396,-87,191,-198
371135674,-2964,2216,15732,-103,3,28
371138970,-4072,-1208,16212,114,-14,89
371142464,-3996,752,15848,41,62,74
371145602,-3052,-664,16428,-193,-44,-342
371149207,-2372,1540,15228,-219,282,-304
371152850,-2820,1624,15720,-80,-11,16
371156234,-3496,-748,16468,-44,204,67
371159617,-3768,1380,15736,74,137,223
371163000,-2804,-784,16316,-134,294,-7
371166519,-3676,492,15980,-148,264,-176
371170027,-2700,1784,16072,-283,93,-415
371173584,-3100,1384,15256,97,-89,117
371176967,-3648,1152,15436,-18,-146,-34
371180523,-3864,-940,16456,44,4,11
371183647,-3232,328,15568,-236,256,-258
371187203,-2268,-80,15920,-196,63,-410
371190677,-2564,1328,15380,-139,239,-27
371194255,-2552,1884,15688,-136,156,-45
371197787,-3816,-764,16320,0,312,147
371201083,-3888,1284,15772,19,139,233
371204467,-3272,-1060,16560,-230,183,-396
371208197,-3252,968,15544,-187,46,-174
371211667,-2836,1464,15880,-26,-163,-128
371215314,-2628,1452,15288,38,-68,68
371218631,-3708,872,15580,-10,57,180
371221903,-2292,-464,16228,-131,350,-206
371225547,-3384,804,15912,-253,321,-133
371229103,-2784,-284,16148,-291,340,-342
371232747,-2792,1332,15388,-197,265,-281
371236391,-3052,2368,15736,-20,-59,145
371239861,-4072,-1460,16424,155,-33,195
371243441,-4088,820,15700,63,-43,58
371246662,-2984,-764,16380,-159,57,-322
371250184,-2648,736,15372,-278,204,-295
371253741,-2980,1828,15632,-181,12,-304
371257297,-2924,1036,15340,-64,240,52
371260681,-3648,1288,15620,-68,86,81
371263977,-4108,-1316,16832,-129,381,-7
371267582,-3572,184,15988,-156,185,-227
371271091,-2764,-148,16348,-259,105,-430
371274734,-3108,1156,15368,-139,52,-156
371278291,-2992,1608,15560,51,-185,-40
371281761,-3744,-888,16328,80,-59,169
371285144,-3988,308,15820,-10,158,83
371288441,-2120,72,15836,-256,144,-387
371291940,-3064,1164,15660,-275,285,-154
371295554,-2612,1812,15764,-284,358,-336
371299198,-2720,1148,15216,27,6,122
371302407,-3952,1324,15752,25,215,201
371305790,-4112,-1648,16676,-26,56,-87
371309261,-3180,796,15712,-151,14,-161
371312731,-2956,-284,16320,-145,67,-335
371316312,-2636,1392,15456,72,-189,24
371319670,-3660,912,15544,-40,82,205
371322967,-3492,-1364,16736,-152,279,-197
371326697,-3984,860,16012,50,197,166
371329994,-2688,-260,16196,-360,385,-416
371333637,-3156,812,15704,-115,143,-219
371337194,-3180,2048,15664,-87,73,73
371340494,-3916,-1084,16336,69,-170,143
371344071,-3984,728,15760,69,85,91
371347205,-2960,-548,16264,-196,-73,-351
371350814,-2696,824,15396,-218,228,-298
371354371,-2868,1952,15820,-194,86,-314
371357927,-2800,916,15252,-37,162,106
371361311,-3484,1384,15664,-60,217,14
371364694,-3940,-1060,16872,-97,227,36
371368212,-3636,192,15928,-131,311,-198
371371721,-3004,-392,16044,-291,82,-428
371375277,-3036,1164,15220,-93,-46,-125
371378834,-3140,1588,15532,-14,-130,-76
371382391,-3660,-788,16360,72,-177,101
371385861,-3912,640,15748,-23,201,99
371389157,-2292,-88,16100,-222,79,-420
371392652,-3068,924,15656,-253,397,-130
371396184,-2576,2072,15712,-318,388,-367
371399828,-2868,848,15416,54,31,85
371402951,-3956,1364,15640,-29,221,205
371406421,-4148,-1728,16632,0,-54,-86
371409804,-3108,884,15732,-193,113,-209
371413360,-2820,-360,16324,-178,-97,-365
371417029,-2520,1656,15424,80,-73,60
371420301,-3404,976,15580,-97,17,128
371423597,-3596,-1180,16624,-102,329,-128
371427327,-4076,1008,15916,-42,236,140
371430797,-2688,-360,16072,-347,339,-396
371434441,-3312,548,15752,-119,274,-235
371437997,-2952,2348,15808,-60,-75,72
371441404,-3216,740,15224,134,-86,162
371444764,-4088,832,15720,60,-30,99
371448009,-2976,-764,16512,-48,-34,-93
371451444,-2728,776,15396,-263,251,-333
371455000,-2972,1564,15972,-151,4,-302
371458471,-2880,1080,15200,-91,301,57
371461854,-3564,1524,15692,57,108,197
371465237,-3900,-1280,16796,-115,357,4
371468756,-3532,384,15888,-171,187,-189
371472264,-2872,-452,16268,-225,108,-372
371475907,-3116,1300,15456,-151,74,-190
371479464,-2788,1800,15464,-1,-177,-31
371482934,-3792,-908,16464,139,-89,159
371486404,-3800,580,15772,-81,161,82
371489700,-2260,28,16048,-189,157,-365
371493195,-2876,1120,15536,-312,323,-163
371496814,-2684,1896,15768,-72,215,-26
371500284,-3112,1052,15164,-28,71,87
371503581,-3976,1304,15644,105,144,263
371507051,-3380,-1044,16620,-29,112,-121
371510694,-3140,928,15612,-160,5,-170
371514077,-2748,-336,16288,-142,-13,-369
371517745,-2804,1468,15460,101,-214,69
371521191,-3040,1592,15504,-54,52,101
371524574,-3508,-1096,16456,-125,283,-144
371528304,-4068,668,16096,10,125,163
371531601,-2640,-212,16064,-371,437,-422
371535244,-3220,772,15656,-130,129,-220
371538801,-2968,2012,16000,-231,77,-349
371542381,-3180,1016,15372,51,-141,144
371545828,-4024,596,15828,117,-194,123
371549333,-3572,-1196,16532,-85,41,-182
371552855,-2436,828,15496,-145,212,-57
371556325,-2412,356,16080,-125,87,-243
371559795,-2912,1112,15332,-291,338,-194
371563438,-2448,2280,15500,-11,115,123
371566969,-3280,440,15400,17,158,175
371570205,-4224,916,16132,32,141,112
371573501,-2864,-488,16340,-288,165,-414
371577145,-2996,1064,15296,-115,-43,-173
371580788,-2876,1820,15700,-123,-58,-294
371584432,-2988,956,15624,73,-181,86
371587728,-3864,516,15648,-20,11,176
371591049,-3024,-1180,16532,-190,318,-242
371594755,-3164,960,15928,-20,181,108
371598138,-2612,4,16076,-330,436,-387
371601521,-2692,1444,15016,-154,130,-265
371605165,-3196,2372,15424,96,48,295
371608461,-4112,-1652,16828,-79,-2,-165
371612018,-4108,836,15828,59,46,42
371615141,-2940,-400,16392,-194,-48,-406
371618809,-2224,1284,15264,-183,117,-282
371622428,-3188,1780,15528,-113,81,107
371625898,-3188,652,15536,-36,175,92
371629195,-4148,628,16020,5,255,158
371632404,-2664,16,16052,-311,326,-363
371635874,-3284,608,15828,-126,190,-211
371639431,-2968,2268,15860,-262,75,-363
371643011,-3432,748,15372,99,-147,144
371646371,-3900,768,15548,78,-65,54
371649616,-3708,-1268,16644,-55,-78,-104
371653224,-2592,864,15636,-248,311,-304
371656781,-2284,452,16048,-176,-16,-335
371660338,-2732,1160,15280,-250,313,-147
371663981,-2684,2144,15600,-73,156,79
371667413,-4004,-1428,16816,13,34,164
371670748,-4120,704,15936,-29,305,98
371674044,-2852,-280,16220,-240,43,-400
371677601,-2956,1136,15516,-119,94,-170
371681158,-3008,1852,15288,9,-178,-22
371684541,-3152,968,15796,152,-163,177
371688011,-3912,712,15864,-88,131,37
371691332,-2336,-144,16184,-185,244,-242
371694951,-3064,948,16092,-294,398,-209
371698508,-2628,192,15960,-312,308,-396
371702065,-2912,1268,15160,25,77,114
371705361,-4148,892,15984,26,-27,253
371708658,-4064,-1704,16740,-15,63,-149
371712214,-3132,920,15664,19,63,75
371715341,-2824,1280,15788,-171,-46,-370
371719005,-2532,1772,15288,66,-122,86
371722364,-3172,1840,15588,-61,-5,132
371725747,-3404,-1128,16708,-95,377,-158
371729391,-4008,908,15956,-8,163,185
371732687,-2528,-304,16136,-358,397,-431
371736331,-3276,656,15808,-181,258,-256
371739888,-2944,2248,15740,-10,-35,97
371743294,-3292,764,15576,104,-84,185
371746654,-3900,900,15884,48,-21,92
371749899,-2924,-892,16488,-157,70,-365
371753421,-2620,812,15252,-245,202,-280
371756977,-3032,1600,15912,-66,111,41
371760361,-2696,1176,15232,-82,235,41
371763744,-3616,1376,15504,57,133,203
371767175,-3148,-976,16520,-96,352,56
371770510,-3520,244,15816,-166,212,-209
371774067,-2788,1816,15884,-250,125,-427
371777710,-2976,1196,15344,58,-185,94
371781094,-3724,1348,15372,-20,-136,-55
371784651,-3800,-760,16112,46,-51,36
371787947,-3204,164,15708,-39,134,77
371791268,-2404,-112,16148,-238,136,-405
371794887,-2536,1372,15216,-278,305,-180
371798531,-2748,1940,15680,-67,297,-19
371802001,-3976,-932,16524,-18,16,71
371805297,-3848,1460,15760,40,181,229
371808680,-3236,-1244,16728,-302,94,-422
371812324,-3292,828,15620,-128,22,-135
371815818,-2860,1272,15784,-145,37,-365
371819351,-2524,1480,15476,39,-190,16
371822734,-3752,1184,15416,4,173,222
371826030,-3556,-1280,16764,-114,311,-174
371829760,-3680,844,15984,16,140,175
371833057,-2744,-484,16160,-378,461,-382
371836701,-2728,1356,15388,-23,-36,-50
371840171,-3020,1988,15764,-56,73,68
371843490,-3876,-1020,16152,68,-123,53
371846937,-3664,392,15756,86,14,108
371850182,-3096,-828,16480,-171,-47,-373
371853790,-2232,1556,15368,-206,230,-239
371857434,-3044,1448,16120,-135,53,-39
371860904,-2652,1508,15072,-75,146,75
371864287,-3488,1256,15632,77,198,182
371867719,-3064,-804,16328,-123,262,19
371871140,-3564,344,15892,-62,260,-139
371874610,-2676,1672,15772,-283,141,-456
371878254,-2952,1408,15536,64,-162,116
371881724,-3516,1436,15324,-25,-97,-74
371885194,-3476,-592,16272,39,-67,48
371888490,-3244,24,15700,-219,367,-248
371891985,-2148,-124,16024,-240,45,-419
371895517,-2320,1500,15356,-127,307,-19
371899074,-2596,1492,15764,-193,213,-130
371902717,-3812,-216,16264,3,-31,69
371905927,-3940,1116,15884,-14,264,198
371909397,-3216,-996,16464,-253,26,-431
371912954,-3344,880,15708,-101,127,-105
371916535,-2852,1120,15988,-196,-15,-355
371920154,-2560,1608,15352,33,-87,-2
371923450,-3780,1092,15520,-32,81,201
371926834,-3520,-1332,16772,-137,311,-138
371930564,-3708,612,16224,23,256,145
371933861,-2792,-552,16176,-326,337,-371
371937504,-2760,1260,15412,-109,227,-237
371941171,-2996,2092,15604,-111,-8,15
371944531,-3876,-976,16200,134,-196,147
371948088,-3836,896,15680,7,27,68
371951159,-2920,-800,16308,-137,-76,-347
371954767,-2696,760,15372,-218,303,-245
371958324,-3092,1564,16028,-60,-56,-3
371961707,-2620,1296,15232,-80,282,55
371965091,-3464,1400,15644,72,64,227
371968436,-2952,-892,16504,-89,292,82
371971770,-3716,304,16044,-140,234,-164
371975327,-2704,1760,15980,-297,162,-442
371978971,-2944,1404,15392,63,-167,97
371982354,-3592,1292,15340,15,-107,-54
371985824,-3612,-592,16404,35,-101,59
371989207,-3316,212,15684,-212,362,-254
371992788,-2272,-44,16036,-235,128,-411
371996321,-2544,1604,15448,-303,286,-192
371999964,-2552,2072,15676,-104,289,-9
372003434,-2872,876,15280,22,-16,36
372006644,-3808,1580,15756,34,210,262
372010027,-3436,-1336,16464,-246,58,-418
372013671,-3224,972,15644,-103,60,-172
372017165,-2892,1132,15908,-168,-11,-331
372020784,-2680,1596,15596,30,-165,10
372024167,-3624,1068,15476,-26,66,176
372027551,-3608,-1380,16684,-132,270,-151
372031281,-3604,628,16080,64,213,134
372034577,-2680,-244,16036,-397,326,-373
372038221,-2700,1236,15228,-131,162,-257
372041888,-2960,2332,15756,-68,8,82
372045074,-4088,-1328,16432,97,-220,190
372048631,-3888,820,15716,80,64,85
372051789,-2792,-720,16296,-207,-72,-364
372055397,-2536,900,15492,-218,276,-273
372058954,-3012,1616,15848,-100,30,63
372062337,-2848,1192,15332,-56,155,75
372065724,-3576,1224,15576,19,195,208
372069206,-2904,-772,16316,-135,235,29
372072574,-3596,140,15836,-164,330,-221
372076131,-2708,2144,15732,-316,68,-439
372079687,-3052,1168,15384,99,-75,129
372083071,-3672,1388,15344,-32,-97,-54
372086540,-3728,-1076,16324,45,-38,-7
372089924,-3064,564,15396,-88,252,49
372093245,-2244,-28,15924,-187,3,-364
372096604,-2688,1524,15272,-76,240,34
372099987,-3092,1852,15428,-132,182,-26
372103544,-3976,-816,16488,5,238,168
372106840,-3888,176,16272,4,182,254
372110050,-2496,1452,15804,-237,117,-441
372113693,-2952,1304,15392,17,-152,31
372117101,-2760,1316,15764,-29,-161,-137
372120720,-3504,-332,16116,52,-30,115
372124103,-3584,1040,15588,-28,43,159
372127487,-2428,-616,16376,-221,223,-423
372131130,-3464,824,16144,-282,316,-136
372134687,-2644,1532,16088,-131,296,-130
372138330,-2712,1036,15384,-42,39,-35
372141737,-3792,1776,15544,-40,-99,163
372145184,-4020,-1420,16468,33,101,-11
372148654,-3628,832,15768,-116,19,-119
372152163,-3136,-964,16344,-133,14,-335
372155680,-2308,1880,15496,-284,257,-354
372159324,-3088,1668,15616,-34,-1,103
372162707,-3624,-1092,16468,-61,284,61
372166225,-3712,1316,15888,42,86,207
372169473,-2860,-888,16356,-388,488,-395
372173117,-3380,300,15988,-128,174,-237
372176674,-2956,2056,15692,-234,30,-423
372180231,-3044,1064,15548,63,-149,114
372183701,-3700,1096,15484,20,-174,-14
372187171,-3660,-924,16536,10,-16,23
372190471,-2920,348,15724,-251,243,-323
372194048,-2260,160,15932,-165,137,-358
372197581,-2572,1256,15204,-321,319,-165
372201224,-2580,2096,15744,-77,193,-27
372204694,-4096,-904,16676,47,58,176
372207991,-4060,820,15960,21,180,178
372211287,-2808,-328,16492,-323,129,-452
372214930,-2876,1068,15504,-124,-28,-105
372218599,-2848,1676,15572,-160,12,-359
372222131,-2624,1380,15572,108,-226,153
372225688,-3064,1812,15488,-68,43,168
372229071,-3220,-1332,16684,-191,308,-235
372232801,-4224,600,16224,-16,194,126
372236184,-2660,-44,15996,-335,456,-373
372239741,-3056,748,15596,-118,79,-256
372243234,-3040,2484,15704,-21,57,176
372246594,-3424,452,15536,79,-97,196
372249891,-4096,756,15848,56,6,75
372252962,-3036,-576,16328,-198,-11,-378
372256571,-2376,992,15464,-218,141,-328
372260127,-3140,1792,15588,-126,105,99
372263597,-2984,884,15444,3,144,91
372266769,-3740,1272,15952,51,219,195
372270103,-2792,-868,16212,-346,336,-348
372273747,-3332,188,16020,-171,275,-332
372277304,-2932,2424,15812,-269,100,-401
372280947,-3308,596,15708,135,-177,143
372284417,-3760,1392,15200,7,-39,-2
372287627,-3740,-1088,16432,5,-108,3
372290948,-2828,672,15720,-258,359,-315
372294480,-2340,104,16088,-203,53,-371
372297950,-2600,1468,14988,-63,248,15
372301334,-3212,1748,15688,-118,217,-48
372304890,-4072,-744,16436,-35,206,167
372308360,-3760,-156,16092,21,299,187
372311744,-2880,-352,16412,-285,9,-456
372315214,-2992,988,15472,-82,105,-113
372318708,-2864,1692,15564,-62,-149,-168
372322327,-2684,1384,15596,138,-192,135
372325884,-3836,712,15632,-65,150,118
372329267,-2276,-328,16124,-113,235,-219
372332911,-3472,804,16028,-283,385,-108
372336467,-2444,-52,15968,-334,326,-413
372340024,-2868,1184,15224,-87,162,-239
372343604,-3144,2272,15884,-38,-43,135
372347051,-3972,-1396,16512,105,-158,154
372350694,-3996,740,15556,47,58,71
372353852,-3060,-636,16196,-179,-51,-337
372357461,-2384,1024,15484,-229,254,-290
372361104,-3048,1820,15692,-170,35,-288
372364661,-3000,956,15284,-11,224,113
372368093,-3772,1180,15804,-61,202,96
372371428,-4056,-1412,16848,-159,276,8
372374897,-3388,372,15756,-141,294,-217
372378454,-2748,-88,16200,-261,15,-418
372381924,-3164,1108,15616,-80,16,-133
372385394,-2944,1804,15432,-26,-172,-28
372388951,-3564,-840,16336,145,-176,117
372392532,-3840,488,15604,-80,234,68
372395804,-2288,-40,16164,-170,30,-375
372399274,-3116,1168,15744,-275,420,-128
372402918,-2628,1856,15684,-285,273,-330
372406561,-3008,836,15432,38,90,90
372409684,-3924,1340,15596,28,149,234
372413068,-4128,-1912,16760,-8,18,-105
372416562,-3160,1080,15504,-177,72,-176
372420094,-2988,-400,16380,-130,-129,-307
372423825,-2688,1348,15524,-170,181,-312
372427468,-3044,2144,15508,-72,-30,162
372430938,-3404,-1452,16896,16,219,119
372434408,-3972,840,16144,-44,190,121
372437791,-2600,-60,16196,-217,322,-115
372441371,-3324,420,15784,-158,251,-258
372444905,-2992,2420,15712,-264,21,-394
372448462,-3120,764,15588,152,-66,189
372451845,-3912,792,15772,-4,-136,-1
372455176,-3528,-936,16340,-24,-54,-91
372458611,-2628,676,15516,-293,224,-343
372462168,-2108,676,16004,-163,-13,-314
372465774,-2860,940,15208,-230,377,-95
372469195,-2536,2020,15520,-83,77,-20
372472578,-4116,-1116,16760,76,53,227
372475961,-4228,256,16120,-57,213,113
372479345,-2636,304,16096,-240,85,-408
372482815,-2888,1208,15416,-97,13,-22
372486198,-2980,1640,15640,-43,-123,-118
372489841,-2940,1360,15548,100,-63,127
372493336,-4088,252,16024,-49,116,81
372496608,-2116,88,15888,-179,358,-278
372500078,-3176,828,15716,-289,280,-186
372503635,-2596,2124,15784,-315,350,-376
372507278,-2804,908,15288,5,5,96
372510228,-4132,1328,15856,37,186,170
372513611,-3248,-1124,16504,-19,58,-56
372517105,-3236,904,15656,-157,54,-161
372520551,-2948,1192,15928,-146,55,-388
372524108,-2592,1620,15524,64,-222,18
372527491,-3480,1120,15552,-105,58,85
372530874,-3448,-1136,16408,-115,293,-143
372534604,-3708,600,16108,58,98,227
372537814,-2656,-432,16212,-395,460,-386
372541481,-2852,1196,15384,-113,120,-231
372545101,-2828,2144,15840,-58,72,69
372548398,-3956,-1016,16168,99,-174,167
372551954,-3912,888,15728,63,39,116
372555203,-3060,-876,16296,-210,-50,-358
372558807,-2764,672,15724,-222,168,-313
372562364,-3004,1652,15948,-190,140,-298
372566068,-2812,1304,15312,-56,107,46
372569391,-3500,1244,15732,1,169,120
372572688,-4068,-1276,16924,-138,242,9
372576158,-3572,264,16052,-33,246,-117
372579628,-2808,-592,16272,-316,103,-447
372583271,-2996,1440,15448,-147,1,-180
372586741,-2824,1548,15600,-5,-79,-75
372590124,-3608,-672,16344,39,-112,30
372593532,-3784,556,15748,-48,245,94
372596804,-2188,-148,15988,-221,38,-438
372600361,-2592,1480,15324,-252,366,-132
372604004,-2608,1872,15764,-139,185,-71
372607561,-2944,1164,15392,32,-30,98
372610857,-3968,1448,15736,-18,226,195
372614327,-3404,-1272,16568,9,-11,-45
372617735,-3288,708,15716,-162,140,-208
372621268,-2900,1364,15796,-185,-94,-359
372624911,-2548,1572,15332,86,-83,37
372628208,-3560,1124,15448,-86,59,143
372631591,-3520,-1140,16608,-87,293,-162
372635234,-3512,576,15828,-22,274,176
372638617,-2744,-324,16172,-340,314,-394
372642284,-2756,1352,15320,-126,274,-221
372645905,-2976,2244,15852,-55,-80,77
372649288,-3108,1000,15436,134,-90,168
372652758,-3860,944,15852,23,-26,82
372656002,-2968,-868,16344,-164,33,-347
372659524,-2696,672,15384,-268,301,-288
372663081,-2960,1664,15852,-172,-4,-346
372666686,-2768,1084,15244,-49,300,69
372670021,-3480,1428,15632,-76,107,23
372673404,-4020,-1040,16880,-48,290,56
372676874,-3616,208,15824,-142,218,-214
372680431,-2944,-308,16244,-269,55,-441
372683988,-2956,1344,15168,-118,71,-100
372687545,-3000,1672,15700,-8,-185,-90
372691039,-3600,-752,16364,108,-86,139
372694485,-3816,484,15816,-50,129,68
372697781,-2204,120,16068,-175,142,-389
372701338,-2988,1004,15816,-307,350,-133
372704981,-2796,1848,15828,-297,287,-343
372708625,-2904,996,15516,24,66,71
372711748,-3848,1480,15736,20,176,218
372715131,-4240,-1856,16644,38,80,-70
372718539,-3144,884,15856,-195,15,-185
372721984,-2844,1424,15612,-155,-59,-346
372725628,-2684,1340,15500,56,-123,85
372729011,-3636,1016,15572,-89,-28,136
372732481,-3500,-1056,16652,-133,399,-150
372736211,-4128,744,16100,33,130,147
372739508,-2492,-232,16188,-349,444,-389
372743175,-3280,604,15628,-137,204,-204
372746708,-3092,2100,15832,-22,0,73
372749918,-4008,-1024,16268,67,-23,148
372753388,-4068,704,15684,66,-16,82
372756633,-2948,-816,16624,-190,39,-376
372760154,-2620,744,15648,-260,201,-285
372763711,-2864,1884,15804,-145,78,-358
372767316,-2952,1016,15204,-53,183,83
372770651,-3560,1292,15672,-58,173,69
372774034,-4104,-1260,16720,-130,314,21
372777591,-3488,340,15916,-65,183,-193
372781061,-2916,-324,16236,-247,133,-431
372784705,-2912,1184,15372,-155,6,-149
372788175,-3012,1720,15408,67,-117,-34
372791669,-3764,-812,16276,60,-100,90
372795028,-3912,328,15976,-66,157,63
372798324,-2240,216,16072,-225,98,-374
372801794,-2600,1384,15272,-291,260,-204
372805438,-2604,2168,15564,-52,236,48
372808821,-3276,596,15452,17,-25,126
372812117,-4012,1192,15748,58,239,204
372815504,-3008,-840,16560,-81,40,-158
372818995,-2960,1072,15696,-134,49,-201
372822528,-2896,1444,15716,-112,-26,-268
372826171,-2864,1216,15456,73,-168,39
372829554,-3676,776,15604,-36,70,164
372832851,-3324,-1376,16672,-155,249,-231
372836581,-3404,896,15716,-4,252,76
372839791,-2420,252,16208,-352,327,-354
372843371,-2940,956,15228,33,27,35
372846471,-3588,1624,15532,-42,36,100
372849854,-4064,-1496,16564,39,-41,-4
372853237,-3312,624,15808,-218,120,-222
372856829,-2792,-244,16384,-183,-127,-379
372860524,-2668,1448,15472,-186,201,-255
372864168,-2980,1912,15616,-58,-7,74
372867512,-3640,-1252,16636,8,191,114
372870847,-3932,1016,15892,-61,241,94
372874231,-2856,-388,16180,-293,365,-333
372877874,-3248,360,15816,-183,287,-285
372881431,-2992,2456,15536,-270,8,-383
372884901,-3212,896,15464,151,-110,192
372888371,-3820,976,15524,-33,-100,7
372891697,-3660,-1140,16628,33,-66,-61
372895137,-2664,568,15596,-295,258,-352
372898694,-2332,632,16096,-156,11,-333
372902164,-2916,872,15292,-46,282,79
372905460,-2652,1992,15612,-64,144,50
372908844,-3952,-1244,16796,-69,292,31
372912314,-3520,392,16032,-25,263,98
372915614,-2864,-344,16244,-226,28,-402
372919192,-3056,1220,15464,-141,80,-165
372922724,-2936,1828,15324,32,-205,-9
372926107,-3744,-1104,16344,-2,39,-1
372929403,-3728,520,15864,-90,143,62
372932700,-2292,8,16056,-187,136,-375
372936083,-2616,1480,15184,-139,130,-28
372939640,-2644,2136,15788,-44,156,38
372943046,-3924,-1048,16672,-92,287,66
372946493,-4080,1072,15872,57,126,233
372949877,-3008,-864,16408,-269,163,-435
372953520,-3172,1040,15380,-127,-6,-168
372957112,-2984,1412,15816,-109,-26,-301
372960720,-2628,1456,15580,47,-146,53
372964104,-3676,724,15732,-11,-16,170
372967536,-3260,-1344,16520,-192,387,-273
372971217,-3268,900,15996,-31,167,124
372974600,-2524,60,16068,-317,410,-389
372978070,-2836,1152,15204,-124,178,-249
372981714,-2964,2372,15712,11,-15,185
372985097,-4272,-1628,16416,139,-65,209
372988654,-4032,568,15816,21,-26,-2
372991888,-2816,-284,16228,-164,49,-338
372995420,-2440,1004,15460,-214,140,-326
372999064,-2872,1944,15548,-132,-8,-259
373002621,-3000,860,15280,-31,213,138
373006004,-4012,876,16112,-8,126,137
373009300,-3776,-1456,16848,-225,400,-101
373013031,-3448,456,15808,-34,220,70
373016352,-2692,236,16208,-211,75,-382
373019797,-3176,1076,15212,69,-206,159
373023267,-3168,1924,15264,112,-148,74
373026737,-3736,-1300,16652,-66,-12,-115
373030381,-3792,340,15756,-121,211,22
373033764,-2440,340,15964,-154,76,-321
373037234,-2736,1416,15772,-288,260,-150
373040901,-2800,2080,15440,-230,340,-269
373044521,-3200,516,15696,3,26,154
373047644,-4000,864,15948,22,243,122
373050940,-2968,-388,16256,-114,102,-216
373054584,-2784,1188,15504,-125,-5,-166
373058176,-2824,236,16268,-105,-5,-273
373061611,-2952,1144,15484,109,-207,89
373065081,-3004,2028,15380,29,45,243
373068479,-3172,-1464,16640,-266,289,-330
373072107,-4020,764,16248,-38,210,22
373075404,-2436,352,15940,-319,353,-338
373078961,-3036,964,15512,-99,119,-227
373082431,-3416,2260,15696,-26,73,210
373085814,-4028,-1760,16672,95,-122,176
373089371,-4148,464,16200,32,101,-17
373092691,-2856,-252,16488,-153,13,-244
373096224,-2240,1248,15436,-190,92,-263
373099781,-3044,1808,15700,-112,85,-177
373103337,-3136,468,15460,-28,220,94
373106634,-4100,668,16188,99,168,215
373109930,-3756,-1640,16980,-298,348,-187
373113661,-3236,772,15672,-19,254,-12
373117068,-2544,540,16044,-255,50,-346
373120514,-3324,772,15396,-11,-88,-73
373123897,-3172,1808,15164,51,-96,72
373127193,-3496,-1220,16408,-70,-25,-144
373130837,-3912,36,15932,-151,323,-92
373134220,-2432,572,15896,-142,-47,-250
373137777,-2568,1464,15512,-226,321,-157
373141444,-2624,2124,15448,-202,266,-213
373145064,-3436,184,15692,53,70,212
373148274,-4248,612,16000,-42,265,30
373151570,-2640,172,16256,-149,50,-324
373155040,-2760,1512,15348,-106,80,-108
373158636,-2996,512,16184,-130,-160,-291
373162241,-3116,804,15772,123,-70,149
373165627,-3276,1728,15260,-41,79,220
373169055,-2828,-1220,16788,-212,203,-355
373172737,-4148,532,16276,-118,371,10
373176121,-2600,640,16124,-253,262,-300
373179677,-2964,1016,15436,-35,137,-181
373183234,-3452,2316,15476,18,17,267
373186531,-3564,-244,15760,145,-102,194
373190087,-4028,300,15936,-111,115,-61
373193582,-3304,-1152,16536,-115,-70,-291
373197287,-2228,1392,15228,-178,359,-237
373200931,-2888,1320,16176,-83,-60,-112
373204488,-2636,1528,15340,-113,203,-26
373208044,-3116,1852,15644,-8,148,138
373211428,-3860,-584,16152,-28,151,149
373214898,-3836,392,15888,-92,346,-83
373218306,-2592,1084,15948,-225,8,-400
373221751,-2776,1416,15496,-12,12,5
373224961,-3296,1688,15208,71,-178,72
373228344,-3352,-1208,16740,121,-70,156
373231901,-3820,-160,15840,-218,303,-168
373235544,-2328,-616,16472,-260,131,-467
373239188,-2468,1532,15416,-194,382,-86
373242768,-2648,1280,16048,-181,234,-156
373246388,-2860,1116,15276,6,-9,-32
373249598,-3572,1968,15468,-31,125,252
373253068,-3728,-1756,16828,114,-70,70
373256538,-3640,396,15844,-146,168,-154
373260130,-2744,1008,15848,-205,-62,-351
373263738,-2352,1608,15424,3,-8,-62
373266996,-3304,1472,15312,-75,43,225
373270331,-3480,-976,16388,-54,331,-34
373273801,-4256,424,16312,-189,308,-58
373277271,-2896,-868,16456,-345,359,-342
373280915,-2840,1224,15248,-64,130,-173
373284471,-2940,1948,16128,-110,-40,-53
373288028,-3792,-572,16108,89,-159,111
373291523,-3612,1292,15092,42,-25,121
373294881,-3204,-1120,16572,-139,-50,-338
373298612,-2976,512,15644,-298,381,-266
373302168,-2252,52,15932,-198,22,-407
373305552,-2580,1520,15172,-72,276,22
373308935,-3164,1720,15432,-116,179,-12
373312492,-4076,-916,16256,-32,274,87
373315899,-3668,412,15812,-7,190,219
373319171,-2988,-852,16592,-223,50,-420
373322728,-2996,1412,15488,-6,-76,-2
373326025,-3324,1704,15148,-58,-169,-158
373329668,-3552,-228,16076,72,-16,140
373333051,-3696,552,15544,-78,74,156
373336348,-2248,-368,16052,-194,230,-405
373339991,-2492,1444,15556,-268,335,-147
373343658,-2596,1780,15948,-109,231,-102
373347278,-2688,1264,15108,-36,94,3
373350488,-3932,1680,15668,72,88,268
373353785,-3376,-1480,16784,13,75,-4
373357081,-3408,724,15668,-147,23,-139
373360586,-2832,1024,16056,-61,-41,-186
373364108,-2400,1784,15564,-3,-128,-39
373367626,-3436,1424,15416,-20,134,195
373371048,-3660,-1212,16548,-77,306,-70
373374604,-3748,636,16228,-215,352,-47
373378075,-2840,-688,16228,-325,468,-369
373381718,-2844,1144,15492,-133,164,-232
373385362,-2736,2248,15884,-70,47,25
373388658,-3976,-1020,16088,77,-153,144
373392239,-3740,944,15684,66,-45,80
373395425,-3184,-936,16468,-162,-14,-326
373399068,-2904,612,15584,-229,220,-304
373402625,-2908,1496,15816,-169,68,-354
373406182,-2640,1456,15376,-102,157,36
373409652,-3388,1360,15608,-10,135,45
373413035,-3992,-1132,16708,-168,302,42
373416616,-3628,332,15888,10,170,153
373419888,-2912,-616,16544,-261,144,-422
373423532,-2828,1272,15340,-141,35,-118
373427088,-2984,1236,15764,-19,-85,-196
373430645,-3768,-172,16188,75,-151,127
373434115,-4052,-188,15844,-32,183,95
373437498,-1904,624,15920,-262,433,-394
373441078,-3508,668,15844,-180,292,28
373444438,-2404,1720,15884,-348,468,-453
373448082,-2552,1956,14828,47,-81,110
373451465,-4400,700,15916,92,-36,343
373454762,-3924,-1760,16688,-100,76,-219
373458405,-3204,892,15512,46,-7,63
373461563,-2828,1112,15980,-193,48,-390
373465085,-2428,1896,15168,36,-162,28
373468517,-3704,824,15528,-26,63,176
373471765,-3596,-1308,16676,-127,246,-159
373475495,-3588,612,16056,15,181,165
373478791,-2696,-392,16200,-359,353,-374
373482435,-2696,1248,15340,-115,184,-271
373486078,-2936,2452,15708,-101,17,111
373489548,-3288,888,15440,123,-159,155
373493043,-4120,884,15756,79,56,104
373496228,-3024,-756,16544,-208,-53,-387
373499872,-2608,732,15488,-217,258,-302
373503428,-2964,1764,15864,-179,47,-323
373506985,-2844,1056,15232,-27,165,76
373510368,-3460,1364,15636,-19,250,88
373513752,-4176,-1456,16864,-132,244,41
373517333,-3524,448,15756,14,262,117
373520605,-2720,-324,16308,-305,30,-426
373524161,-3048,1124,15432,-111,3,-145
373527631,-2856,1804,15552,-33,-89,-51
373531102,-3756,-964,16528,61,-82,13
373534398,-3840,452,15772,-104,282,28
373537781,-2200,44,15928,-156,4,-348
373541101,-2660,1384,15376,-304,419,-197
373544721,-2440,2308,15724,-99,112,39
373548105,-4064,-1264,16500,69,28,112
373551488,-3892,1576,15744,-43,159,169
373554958,-3216,-1148,16592,-206,112,-374
373558688,-3268,860,15524,-170,125,-209
373562280,-2888,-188,16300,-151,-96,-371
373565949,-2768,1456,15400,88,-83,96
373569185,-3612,940,15720,-78,-4,103
373572481,-3476,-1172,16700,-91,341,-126
373576125,-3532,648,16164,-16,211,149
373579508,-2564,-140,16180,-331,383,-373
373583151,-2932,1192,15380,-83,212,-219
373586708,-3108,2224,15804,-56,10,125
373590092,-4188,-1252,16284,140,-136,205
373593760,-3932,840,15732,28,-16,54
373596945,-3012,-728,16376,-24,-54,-95
373600415,-2456,792,15472,-276,241,-323
373603972,-3032,1828,15816,-157,-23,-273
373607615,-2804,744,15252,-52,269,52
373610912,-3728,1800,15616,-92,90,36
373614208,-4068,-1296,17024,-50,372,93
373617703,-3392,188,15968,-211,232,-319
373621235,-2748,248,16056,-244,18,-381
373624705,-3236,764,15556,54,-96,135
373628001,-3684,1344,15432,-49,-132,-87
373631558,-3672,-868,16444,85,-19,69
373634855,-2988,224,15680,-100,191,46
373638238,-2164,372,15940,-135,53,-348
373641731,-2628,1224,15208,-150,178,-27
373645265,-2488,1992,15756,-102,203,-86
373648821,-4156,-792,16524,56,43,175
373652118,-4052,812,16068,7,137,197
373655328,-3040,-492,16360,-275,153,-430
373658971,-2844,980,15360,-144,-19,-135
373662563,-2956,1556,15648,-43,-47,-133
373666133,-2676,1464,15412,84,-171,65
373669468,-3776,948,15452,-43,160,161
373672851,-2140,-540,16164,-151,370,-214
373676495,-3688,884,16088,-199,332,-54
373679965,-2636,-460,16164,-350,464,-375
373683608,-2616,1484,15232,-176,184,-330
373687252,-3024,2416,15704,24,19,206
373690552,-3972,-1600,16696,-31,-23,-84
373694129,-3816,1228,15428,59,5,84
373697228,-3224,-1076,16452,-216,-21,-367
373700958,-2516,968,15520,-285,208,-372
373704515,-3152,1596,15880,-86,64,131
373707898,-2904,772,15360,-97,195,19
373711195,-3612,1560,15704,107,163,223
373714665,-2940,-1044,16548,-155,362,52
373718246,-3544,284,15776,-134,230,-233
373721778,-2752,-4,16120,-221,120,-372
373725248,-3120,1064,15480,62,-171,99
373728631,-3684,1328,15300,36,-61,-32
373732015,-3664,-860,16524,32,-104,34
373735398,-3120,336,15620,-238,343,-253
373738955,-2256,128,15948,-212,79,-360
373742448,-2760,1208,15216,-274,283,-133
373746068,-2452,2100,15676,-101,252,-31
373749625,-4048,-992,16420,38,-65,124
373753008,-4076,1332,15904,46,247,223
373756391,-3172,-1068,16600,-49,58,-130
373759948,-3052,900,15600,-131,81,-176
373763453,-3020,1456,15604,-218,16,-364
373767023,-2660,1496,15440,104,-220,61
373770445,-3668,984,15592,-69,128,133
373773828,-3448,-1264,16516,-107,219,-188
373777558,-4112,808,16160,42,214,181
373780855,-2560,-224,16060,-395,374,-444
373784498,-2840,1168,15268,-102,101,-251
373788142,-2944,2232,15772,-84,101,90
373791549,-3300,780,15356,103,-190,158
373794995,-3912,688,15704,82,73,82
373798118,-2916,-616,16512,-179,-96,-353
373801762,-2532,872,15552,-207,244,-318
373805318,-3172,1812,15852,-164,81,-276
373808875,-2756,1036,15208,-54,181,37
373812258,-3772,1300,15804,34,192,127
373815666,-4140,-1536,17040,-178,301,2
373819112,-3432,480,15808,-117,288,-198
373822668,-2776,-196,16244,-281,58,-396
373826225,-3120,1216,15568,-124,-41,-160
373829869,-2736,2048,15524,-4,-81,-10
373833252,-3824,-1160,16652,141,-223,141
373836895,-3800,640,15720,-60,282,93
373840195,-2256,-76,15772,-204,226,-273
373843772,-2992,1180,15640,-266,368,-162
373847392,-2584,360,16068,-302,419,-370
373850949,-2924,1028,15356,47,-34,104
373854332,-3324,2356,15696,-4,52,164
373857629,-4116,-1592,16840,-34,-14,-106
373861272,-4012,516,15896,17,63,3
373864343,-2984,-280,16356,-165,18,-375
373867913,-2800,1320,15524,80,-143,91
373871248,-3072,1860,15580,-100,119,120
373874805,-3316,-1224,16664,-85,221,-136
373878449,-3932,928,16144,47,229,159
373881745,-2672,-268,16088,-336,327,-392
373885389,-3084,676,15788,-96,178,-195
373888859,-3048,2044,16068,-109,12,35
373892266,-3240,988,15512,95,-189,127
373895625,-3876,860,15708,79,88,93
373898748,-3076,-816,16508,-190,-44,-343
373902392,-2640,780,15736,-215,293,-273
373905948,-2944,1512,15908,-181,60,-327
373909505,-2676,1368,15120,-42,172,63
373912888,-3556,1344,15784,-6,204,107
373916296,-4236,-1264,16648,-155,293,8
373919742,-3696,224,15936,-111,289,-141
373923298,-2808,-608,16328,-306,97,-454
373926855,-2940,1308,15288,-91,-3,-167
373930325,-2904,1664,15604,-39,-126,-63
373933882,-3768,-976,16364,92,-200,103
373937352,-3644,764,15640,-61,262,106
373940758,-2260,-300,16144,-156,217,-244
373944379,-3192,940,15816,-282,422,-187
373947935,-2552,1920,15712,-324,367,-330
373951579,-2900,864,15348,43,4,72
373954615,-3840,1664,15616,-4,145,230
373957998,-4168,-1612,16804,11,-30,-10
373961468,-3192,696,15504,-172,127,-191
373965060,-2868,-356,16396,-190,-85,-348
373968718,-2680,1424,15612,-179,107,-257
373972312,-2988,1912,15716,-114,70,64
373975695,-3400,-1188,16556,-67,148,59
373979165,-3768,1080,15956,39,221,188
373982548,-2516,-504,16164,-384,382,-439
373986192,-3268,600,15656,-101,208,-235
373989749,-3020,2028,15844,-254,104,-362
373993417,-3080,948,15548,103,-129,128
373996862,-3096,1912,15400,46,-56,69
374000159,-3660,-1216,16408,-34,-72,-134
374003802,-3824,468,15676,-47,262,30
374007099,-2288,268,16128,-184,7,-324
374010482,-2612,1232,15148,-76,281,-12
374013952,-2552,2104,15552,-68,197,74
374017360,-4172,-1228,16676,-79,281,103
374020892,-3968,1028,15856,-2,273,187
374024275,-2996,-640,16196,-230,17,-453
374027832,-2916,996,15416,-111,121,-171
374031389,-2928,1556,15452,-42,-172,-96
374034945,-2712,1268,15464,103,-126,57
374038416,-3748,712,15452,-56,110,151
374041822,-3276,-1364,16752,-194,269,-215
374045529,-3360,868,15880,3,256,94
374048652,-2548,44,16112,-328,317,-373
374052122,-2780,1180,15240,10,81,19
374055332,-3916,1608,15724,58,45,306
374058628,-4232,-1784,16720,15,74,-24
374062012,-3252,776,15572,-152,26,-173
374065517,-2840,1096,16016,-152,-69,-369
374069227,-2412,1660,15536,-18,-51,-29
374072595,-3156,1744,15612,-45,-45,117
374076065,-3428,-1140,16656,-66,370,-120
374079709,-3796,1444,15812,42,143,198
374083092,-2944,-880,16352,-335,379,-372
374086735,-3344,276,15716,-221,327,-321
374090296,-2868,2328,15748,-282,-6,-368
374093873,-3200,620,15484,109,-72,155
374097232,-3744,1380,15264,-42,-112,-75
374100789,-3812,-1196,16600,85,-91,50
374104172,-2768,632,15512,-295,273,-350
374107729,-2272,216,15844,-121,-6,-301
374111199,-2552,1324,15364,-259,421,-131
374114842,-2424,1984,15904,-128,141,-31
374118424,-2928,1300,14940,55,58,166
374121696,-4164,816,15892,46,128,214
374124992,-2924,-524,16412,-266,136,-483
374128636,-3052,1064,15524,-127,13,-88
374132106,-2836,1388,15640,-174,-94,-352
374135749,-2672,1588,15472,67,-65,53
374139046,-3768,500,15744,-32,99,159
374142365,-3184,-1332,16656,-182,404,-250
374146072,-3432,732,16036,4,205,143
374149282,-2524,1724,16016,-331,382,-377
374152926,-2876,1200,15196,-13,14,31
374156222,-3836,1576,15532,-32,-42,85
374159605,-4092,-1248,16500,14,57,31
374162902,-3340,592,15696,-124,40,-195
374166442,-2888,-536,16072,-146,45,-347
374169929,-2392,1664,15520,23,-172,-35
374173399,-3268,1540,15792,-31,55,101
374176782,-3336,-864,16344,-94,298,-69
374180252,-3936,1184,15980,119,95,243
374183635,-2792,-632,16288,-446,451,-427
374187278,-3256,532,15684,-127,178,-197
374190860,-3012,1780,16120,-102,70,-36
374194305,-3032,1144,15648,44,-201,85
374197689,-3716,1176,15444,81,56,89
374200898,-2956,-1016,16464,23,-54,9
374204195,-2860,188,15816,-235,313,-332
374207752,-2924,1692,15796,-80,-20,13
374211135,-2716,1068,15244,-98,167,9
374214431,-3000,2224,15512,13,180,196
374217839,-3560,-1576,16700,9,175,243
374221198,-3792,-260,16264,-139,365,-223
374224841,-2744,1888,15736,-276,82,-472
374228398,-3072,1136,15280,80,-152,122
374231868,-3236,1692,15220,-75,-4,-173
374235338,-3704,-180,16284,108,-145,95
374238808,-3808,72,16100,9,142,166
374241956,-2560,1076,15824,-256,140,-424
374245575,-2692,1364,15252,-144,287,-113
374249218,-2472,1640,15940,-199,278,-135
374252862,-3772,-276,15876,-23,-36,-4
374256245,-3692,1824,15796,41,186,296
374259628,-3496,-1592,16864,-198,55,-386
374263271,-3568,652,15772,-87,128,-129
374266807,-2920,828,15928,-158,13,-327
374270211,-2360,1776,15584,14,-146,-76
374273682,-3336,1532,15252,-92,115,66
374277065,-3464,-820,16504,-64,234,-44
374280535,-4128,392,16176,-156,403,-37
374284005,-2756,-932,16304,-384,402,-411
374287648,-2836,1196,15472,-94,165,-176
374291230,-2900,1848,15916,-165,99,-80
374294675,-3824,-500,15884,75,-178,59
374298058,-3484,1236,15404,80,31,143
374301355,-3324,-1260,16728,-174,-69,-341
374305085,-2996,452,15564,-215,339,-260
374308642,-2892,1328,15936,-222,101,-350
374312285,-2648,1340,15384,-124,228,-30
374315867,-2376,1832,16008,-112,246,-77
374319399,-4004,-460,16268,1,181,229
374322695,-4032,-244,16360,111,208,268
374326165,-2988,-756,16536,-340,78,-512
374329722,-3128,1124,15472,-43,21,-98
374333105,-2848,1188,15768,-107,-72,-195
374336749,-2532,1644,15560,31,-159,48
374340136,-3612,996,15468,-26,153,170
374343540,-2208,-608,16016,-134,276,-133
374347159,-3652,612,16080,-200,372,-122
374350715,-2656,-300,16080,-372,423,-396
374354359,-2700,1148,15200,-3,17,-14
374357656,-3128,2228,15796,-53,41,69
374360952,-3908,-1216,16512,88,-88,88
374364335,-3856,568,15768,78,41,104
374367611,-3148,-1028,16384,-174,-19,-391
374371275,-2128,1872,15496,1,-44,-79
374374572,-3148,1464,15952,-118,96,-2
374377955,-3324,-560,16328,-29,241,-31
374381425,-4192,496,16304,67,222,202
374384722,-3164,-1036,16432,-344,310,-338
374388452,-2848,1140,15496,-73,323,-137
374392033,-2804,1636,15892,-161,-18,-151
374395652,-3008,1440,15472,82,-145,92
374399035,-3476,1408,15260,0,-4,115
374402245,-3292,-1120,16512,98,-143,64
374405715,-3272,152,15816,-218,361,-203
374409272,-2892,1272,16016,-233,58,-423
374412829,-2464,1520,15416,-126,274,-51
374416410,-2492,1776,15904,-172,255,-75
374419942,-3896,-600,16456,9,183,170
374423238,-3972,376,16128,12,215,242
374426535,-3352,-1492,16624,-212,37,-391
374430179,-2836,1528,15500,-110,134,-165
374433822,-2796,1068,15852,-87,-171,-187
374437466,-2468,1500,15424,32,-80,-40
374440873,-3412,1416,15304,-74,137,183
374444319,-3332,-932,16384,-99,258,-136
374447876,-3960,448,16200,-140,367,-54
374451346,-2712,-548,16360,-376,353,-406
374454989,-2792,1220,15372,-23,56,-116
374458459,-2832,1924,16064,-142,44,-47
374461929,-3824,-824,16200,98,-68,145
374465316,-3688,1028,15408,78,68,116
374468674,-3236,-944,16508,-178,-66,-329
374472252,-2952,548,15528,-202,301,-242
374475809,-3028,1168,15836,-121,-22,-62
374479366,-2652,1524,15308,-98,176,-5
374482749,-3128,1688,15584,24,137,208
374486132,-3316,-1280,16620,-55,234,118
374489700,-3840,216,15956,-86,348,-119
374493188,-3080,-924,16596,-250,65,-425
374496716,-2904,1468,15360,45,-40,44
374500012,-3212,1532,15300,-51,-107,-150
374503656,-3660,-336,16096,130,-101,126
374507212,-3540,960,15492,-92,235,136
374510596,-2488,-496,16100,-177,55,-383
374514153,-3452,832,15916,-241,422,-104
374517734,-2680,1352,16068,-158,200,-173
374521353,-2748,1268,15176,-14,45,-17
374524736,-3692,1956,15460,48,66,319
374528033,-4148,-1452,16688,76,-17,53
374531416,-3528,700,15760,-142,97,-143
374534886,-2832,804,15816,-150,-63,-354
374538443,-2356,1604,15676,-72,23,-74
374541850,-3348,1600,15288,-97,-10,61
374545209,-3316,-864,16360,-33,348,-45
374548679,-4084,556,16156,-173,271,0
374551976,-2968,-968,16380,-302,412,-308
374555619,-2888,1152,15552,-64,27,-194
374559089,-2680,1872,15980,-93,1,-58
374562386,-3804,-612,15980,65,2,128
374565655,-3856,580,16040,66,-106,82
374568927,-3372,-1244,16412,-150,50,-274
374572535,-2036,1656,15480,-116,-8,-257
374576092,-2864,1288,15844,-47,55,-12
374579475,-3432,-60,15836,-10,216,18
374582772,-4280,540,16412,77,77,198
374585982,-3504,-1592,16904,-352,434,-292
374589712,-2988,832,15556,-50,199,-43
374593120,-2488,964,16036,-185,127,-278
374596652,-3520,444,15624,-7,-160,-6
374599948,-3492,1488,15228,97,-44,73
374603245,-3700,-1228,16572,-84,-105,-197
374606975,-3604,132,16040,-136,277,-79
374610445,-2480,680,15996,-155,20,-252
374613915,-2464,1484,15524,-229,246,-116
374617583,-2784,2196,15376,-168,345,-176
374621202,-3428,68,15548,6,31,142
374624238,-4196,640,16064,-21,351,87
374627535,-2668,132,16192,-145,56,-310
374631005,-2932,1360,15556,-71,11,-138
374634475,-3216,1852,15484,-155,-23,-272
374638118,-3184,416,16100,134,-190,166
374641613,-3340,1828,15508,-80,181,133
374645058,-2752,-1004,16484,-160,104,-265
374648789,-4400,112,16504,-96,336,9
374651998,-2580,884,16148,-267,285,-316
374655555,-2804,908,15444,-75,77,-161
374658938,-3320,2556,15632,-26,75,228
374662322,-4116,-1876,16896,87,-114,185
374665925,-4164,684,15920,-11,147,-11
374669297,-2788,-56,15992,-134,-66,-245
374672818,-2408,1208,15668,-133,153,-238
374676462,-3148,1840,15488,-139,47,-161
374680019,-3156,260,15540,-7,217,73
374683228,-4088,816,16212,12,216,169
374686525,-3788,-1452,16736,-212,289,-147
374690259,-3004,724,15636,-40,340,5
374693489,-2540,732,16048,-236,-26,-335
374697021,-3288,744,15496,148,-64,201
374700405,-3148,1692,15352,18,-123,68
374703788,-3808,-1220,16588,-46,-15,-118
374707431,-3844,300,15816,-141,348,-38
374710902,-2396,192,16100,-169,-7,-313
374714372,-2616,1332,15544,-262,388,-199
374718040,-2596,2324,15412,6,84,179
374721225,-4048,-1544,16932,74,72,153
374724608,-3976,1128,16088,-19,219,102
374728078,-2756,-448,16268,-107,35,-207
374731635,-2896,1224,15352,-158,54,-179
374735192,-2952,1800,15632,-130,-130,-280
374738922,-3096,880,15824,86,-84,63
374742156,-3688,616,15732,-88,66,159
374745428,-3192,-1240,16708,-141,237,-256
374749158,-3008,892,15816,-109,360,47
374752541,-2444,576,15980,-290,252,-329
374756098,-3188,792,15500,-46,198,-187
374759568,-3380,2376,15728,-39,-36,171
374763038,-4060,-1748,16664,153,-82,209
374766642,-4168,464,15832,-8,65,-5
374769753,-2836,-108,16160,-140,-47,-331
374773362,-2216,1168,15444,-223,205,-291
374777005,-3156,1988,15768,-134,-23,-192
374780649,-2844,448,15368,26,251,126
374783945,-4020,1176,15924,-39,105,87
374787328,-4048,-1440,17008,-145,322,-30
374790996,-3032,532,15924,-91,332,-46
374794355,-2520,788,15756,-213,-4,-249
374797825,-3220,504,15636,-44,18,-51
374801122,-3052,1972,15556,-7,-147,-22
374804592,-3600,-1332,16420,-3,19,-41
374807975,-2820,788,15708,-108,175,-42
374811445,-2492,288,16120,-143,109,-281
374815002,-2832,1120,15668,-335,319,-173
374818670,-2592,2296,15480,-5,145,80
374821941,-4208,-1400,16772,11,64,173
374825325,-3744,1484,15460,21,139,181
374828708,-2992,-1060,16284,16,107,-91
374832178,-2912,1040,15668,-185,12,-248
374835735,-2976,1640,15532,-96,-92,-250
374839291,-2924,688,15740,42,-165,7
374842526,-3760,1104,15632,-30,173,128
374845971,-3216,-1284,16632,-118,287,-138
374849702,-3256,784,16132,-17,200,110
374853085,-2476,304,16012,-332,448,-382
374856642,-2924,752,15392,-90,105,-130
374860111,-3000,2236,15924,-124,69,45
374863495,-4176,-1332,16324,87,-44,141
374867012,-4180,68,15968,8,13,-23
374870036,-2768,44,16088,-183,-22,-330
374873471,-2700,1004,15560,51,-89,-56
374876854,-3072,1868,15872,-128,98,-32
374880324,-3428,-1056,16292,-17,228,-7
374883794,-3936,1008,15956,60,179,196
374887178,-2648,-460,16124,-338,342,-354
374890846,-3304,240,15940,-116,207,-190
374894378,-2868,1896,16116,-136,14,-53
374897848,-3116,1236,15556,26,-188,122
374901318,-3620,1292,15424,69,20,98
374904528,-3140,-1296,16484,32,-107,6
374907911,-3204,356,15740,-208,350,-214
374911468,-2960,1232,16248,-199,23,-370
374915024,-2584,1528,15076,-116,271,-26
374918606,-3072,1952,15444,-104,203,0
374921964,-4052,-980,16588,-32,192,147
374925434,-3788,584,15860,-13,261,200
374928817,-3348,-1364,16464,-207,20,-385
374932461,-3044,1436,15460,-151,112,-205
374936104,-2664,1508,15724,-78,-155,-112
374939748,-2600,1260,15552,75,-149,37
374943156,-3616,1300,15588,-67,172,116
374946601,-3400,-1236,16660,-77,223,-96
374950158,-3900,488,16264,-254,437,-98
374953628,-2700,-292,16164,-318,348,-375
374957272,-2852,980,15400,-20,101,-76
374960655,-2948,1800,16068,-158,26,-97
374964125,-3760,-520,15988,196,-90,206
374967643,-3952,376,15700,50,78,82
374970753,-2988,-336,16480,-167,-58,-347
374974361,-2548,1132,15604,-179,284,-184
374978005,-2972,1508,16024,-134,4,-84
374981388,-3632,-516,16096,-44,172,63
374984771,-3280,1544,15488,16,83,117
374988068,-3084,-944,16548,-276,380,-247
374991736,-3688,136,15776,-159,302,-152
374995268,-2676,1780,15792,-227,32,-469
374998825,-3020,1368,15544,76,-70,127
375002208,-3360,1600,15268,-73,-102,-125
375005852,-3764,-588,16112,121,-66,107
375009321,-3288,324,15884,-81,200,130
375012705,-2320,-368,15992,-195,107,-386
375016373,-3400,696,15884,-265,433,-184
375019905,-2432,1880,15816,-106,134,-47
375023462,-2936,1052,15284,42,78,46
375026672,-3748,1908,15580,36,71,264
375029968,-3560,-1568,16648,-160,163,-381
375033698,-3684,636,15924,-138,67,-121
375037168,-2784,1016,16016,-208,-47,-359
375040836,-2448,1656,15356,3,-18,-39
375044108,-3364,1400,15580,-71,-13,41
375047492,-3468,-964,16388,-41,375,-23
375050961,-3988,412,16396,-206,293,-86
375054432,-2764,-760,16352,-359,397,-341
375058075,-2828,1188,15344,-106,307,-177
375061719,-2720,1964,15904,-115,-56,-31
375065279,-3156,1268,15384,83,-67,134
375068760,-3652,1116,15432,85,-114,86
375072081,-3228,-1264,16496,39,-91,29
375075425,-3124,372,15836,-264,276,-290
375078982,-2868,1400,15852,-213,41,-416
375082539,-2468,1504,15288,-99,252,-10
375086009,-3388,1812,15472,-101,149,-3
375089479,-3948,-964,16512,-13,278,148
375092973,-3932,216,16172,32,192,219
375096245,-3080,-1164,16440,-236,104,-429
375099975,-2928,1416,15584,-144,104,-140
375103619,-2844,1248,15816,-55,-137,-142
375107262,-2564,1540,15488,71,-40,13
375110559,-3660,1008,15448,-4,56,156
375113855,-2524,-600,16284,-102,316,-107
375117523,-3728,560,16148,-278,301,-132
375121055,-2708,-344,16152,-341,347,-395
375124699,-2772,1196,15164,-30,28,-45
375128082,-2992,2292,15780,-49,-45,79
375131466,-4080,-1304,16344,32,65,76
375134762,-3560,700,15972,41,-23,69
375137972,-3172,-992,16340,-148,4,-386
375141466,-2356,1700,15340,-85,-83,-104
375144999,-3036,1536,15696,50,-164,85
375148382,-3556,-904,16400,-97,372,-16
375151852,-4196,604,16572,111,-74,232
375155235,-3188,-1140,16412,-297,446,-287
375158965,-3540,280,15712,-124,139,-163
375162522,-2512,1740,16000,-64,-33,-31
375166039,-2996,1312,15320,18,-104,70
375169375,-3392,1496,15156,114,-135,95
375172880,-3548,-632,16312,56,-1,103
375176142,-3304,276,15768,-199,196,-198
375179699,-2912,1016,16040,-158,139,-376
375183342,-2556,1508,15200,-144,155,-61
375186899,-2424,1772,15948,-39,133,-28
375190372,-3964,-556,16068,-50,228,198
375193863,-3940,1536,15696,72,60,263
375197135,-3464,-1436,16572,-216,176,-377
375200866,-3336,772,15820,-89,-21,-127
375204336,-2828,940,15840,-111,27,-240
375207806,-2224,1784,15336,-38,-69,-38
375211276,-3684,1264,15528,-95,313,260
375214746,-3632,-996,16612,-101,359,-92
375218327,-3876,552,16200,-189,308,-14
375221772,-2760,-740,16240,-464,647,-384
375225416,-2824,1312,15556,-180,234,-211
375229059,-2848,1796,16116,-127,178,-31
375232616,-2832,1224,15492,2,17,92
375235739,-3536,1184,15544,132,-19,205
375239209,-3656,-1188,16448,-251,92,-310
375242877,-2788,612,15404,-193,81,-411
375246323,-2728,1480,15620,-248,43,-506
375249879,-2556,1324,15464,55,-74,-148
375253349,-3400,1960,15748,-41,97,-113
375256819,-4020,-1116,16728,-22,177,-60
375260376,-3884,96,16176,67,97,227
375263499,-3184,-1160,16608,-308,255,-481
375267276,-2736,1360,15304,-165,55,-161
375270786,-2752,1404,15816,-121,38,-152
375274378,-3704,-376,16300,99,-144,74
375277726,-3412,1164,15272,-104,219,195
375281283,-2628,-768,16004,-16,293,-105
375284840,-3596,844,15992,-246,330,-74
375288310,-2472,1548,15692,-363,409,-377
375291978,-2756,1212,15368,-43,40,-22
375295336,-3368,2200,15564,-126,-14,32
375298806,-4096,-1092,16136,80,-3,33
375302103,-3748,652,15856,24,-9,84
375305226,-3000,416,16208,-149,50,-367
375308696,-2200,1704,15464,-79,-92,-202
375312252,-3332,1696,15424,-28,-8,16
375315574,-3456,-576,16068,-107,304,-45
375319106,-4308,372,16644,115,42,273
375322402,-3204,-1208,16364,-409,487,-338
375326133,-3004,1116,15472,-96,183,-154
375329689,-2632,1480,16056,-173,144,-117
375333333,-2888,1316,15596,17,-175,66
375336716,-3424,1520,15356,63,-45,81
375340013,-3344,-1248,16372,62,-25,106
375343507,-3620,12,15968,-188,277,-216
375346953,-2612,1080,15968,-234,206,-429
375350596,-2396,1636,15152,-147,195,-61
375354153,-2804,2120,15484,-104,232,-104
375357796,-3744,-204,15948,-22,110,182
375361266,-3676,1900,15468,102,82,296
375364650,-3632,-1572,16740,-279,126,-422
375368427,-3396,1012,15700,-92,47,-88
375371763,-2816,500,16288,-105,-7,-278
375375268,-2240,1780,15468,-50,-55,-140
375378790,-3548,1312,15572,70,106,238
375382173,-3636,-1184,16580,-136,356,-100
375385903,-3876,748,16132,69,80,212
375389113,-3112,-1060,16564,-378,488,-348
375392868,-2956,1128,15588,-159,209,-202
375396487,-2836,1768,16012,-84,82,-35
375399870,-3904,-548,15960,48,-116,102
375403340,-3592,1092,15276,118,-46,79
375406723,-3112,-1032,16316,-182,-7,-336
375410367,-3164,156,15788,-244,240,-297
375413924,-2680,1600,16028,-186,125,-386
375417592,-2760,1296,15440,-101,167,15
375421037,-2484,1812,15732,-99,228,-37
375424507,-4148,-716,16392,-56,205,178
375427977,-4048,1160,15676,41,146,231
375431360,-3068,-972,16364,-285,157,-473
375435004,-3000,960,15672,-116,-18,-143
375438561,-2856,1180,15900,-56,-40,-174
375442142,-2588,1672,15452,38,-169,29
375445501,-3672,1028,15476,27,119,189
375448884,-3424,-1140,16560,-143,359,-159
375452614,-3556,712,16040,11,131,163
375455911,-2644,-408,16300,-391,472,-390
375459554,-2860,1132,15272,-159,175,-219
375463198,-2832,2160,16068,-81,77,61
375466541,-4168,-1152,16260,102,-71,181
375470051,-3924,884,15716,53,-27,69
375473261,-3048,-664,16436,-201,18,-340
375476852,-2892,500,15600,-216,175,-297
375480374,-2676,1744,15860,-82,83,14
375483671,-3680,-764,16192,-69,134,46
375487054,-3432,1544,15572,76,147,229
375490441,-3240,-1196,16476,-106,278,114
375494105,-3620,304,16000,-87,245,-163
375497551,-2720,1720,15892,-326,168,-441
375501194,-2948,1332,15364,64,-159,94
375504577,-3632,1356,15468,-1,-79,-47
375507961,-3856,-776,16416,43,-75,24
375511257,-3588,212,15740,-167,329,-202
375514814,-2584,-504,16252,-284,106,-425
375518482,-2668,1568,15304,-248,295,-142
375522101,-2696,1680,15864,-133,275,-100
375525744,-3016,1120,15176,41,-54,36
375529041,-3840,1476,15668,42,218,253
375532424,-3508,-1332,16592,-12,2,-35
375535807,-3352,628,15724,-124,72,-160
375539277,-2748,1360,15924,-221,27,-401
375542859,-2628,1460,15464,61,-170,21
375546217,-3384,1236,15404,-37,135,132
375549687,-3404,-1136,16532,-94,240,-108
375553331,-3768,428,16236,83,177,173
375556627,-2772,-700,16100,-422,385,-385
375560271,-2976,1308,15412,-94,159,-211
375563828,-2940,2012,15632,-103,34,30
375567270,-3888,-932,16192,79,-184,149
375570681,-3884,1116,15424,45,68,82
375573891,-3048,-808,16364,-157,-49,-331
375577569,-2852,492,15552,-236,322,-301
375581091,-2756,1708,15708,-36,-52,21
375584474,-2872,1140,15476,-85,199,18
375587857,-3344,1804,15604,51,113,197
375591265,-3400,-1328,16568,-68,212,129
375594797,-3576,508,15988,-133,278,-190
375598354,-2964,-696,16260,-265,19,-409
375601911,-3128,1408,15284,47,-21,60
375605207,-3604,1352,15128,-20,-199,-78
375608764,-3676,-664,16484,67,-6,61
375611974,-3440,152,15708,-213,244,-216
375615555,-2344,-480,16312,-204,103,-402
375619174,-2712,1572,15212,-294,402,-124
375622818,-2468,1872,15848,-103,178,-53
375626374,-2964,988,15352,46,66,69
375629497,-4008,1672,15728,-18,107,241
375632967,-3396,-1488,16544,57,34,-20
375636350,-3444,780,15636,-170,42,-197
375639820,-2840,1200,15888,-50,-92,-168
375643402,-2532,1548,15404,-7,-57,-32
375646761,-3560,1336,15552,-25,26,181
375650144,-3532,-1092,16456,-92,420,-57
375653700,-3868,456,16276,-154,281,-48
375657171,-2860,-920,16104,-351,463,-369
375660814,-2796,1380,15408,-49,-33,-83
375664284,-2908,2296,15852,-2,-14,106
375667714,-3904,-1292,16284,19,-10,20
375671051,-3804,1116,15580,46,-37,44
375674347,-3012,-1164,16380,-173,30,-320
375678026,-2888,396,15740,-266,197,-325
375681547,-2776,1876,15772,-37,66,12
375684844,-3468,-752,16172,-80,135,60
375688227,-3432,1644,15336,78,189,256
375691635,-3256,-1224,16416,-395,373,-371
375695341,-3604,512,16056,-95,195,-168
375698811,-2636,1620,15828,-282,164,-419
375702454,-2932,1392,15408,79,-201,54
375705837,-3528,1348,15392,-7,-112,-70
375709307,-3756,-548,16376,31,-93,49
375712604,-3372,56,15808,-176,308,-235
375716098,-2288,-224,16088,-294,160,-410
375719717,-2712,1436,15436,-230,293,-128
375723361,-2444,1644,15744,-147,310,-57
375726918,-2956,1164,15252,20,-64,85
375730214,-3996,1624,15792,43,226,246
375733597,-3460,-1388,16656,13,17,-42
375736981,-3192,616,15580,-149,71,-227
375740454,-2756,1480,15772,-44,-151,-120
375744119,-2696,1336,15588,46,-199,35
375747477,-3408,1400,15504,-18,150,156
375750947,-3588,-1428,16728,-115,229,-106
375754678,-3564,768,15996,7,229,157
375757887,-2748,-488,16020,-393,404,-377
375761531,-2880,1140,15440,-90,128,-247
375765091,-3112,2136,15816,-88,76,68
375768431,-3964,-1096,16256,88,-68,60
375771767,-3944,836,15544,105,62,116
375775064,-2992,-716,16376,-192,-71,-394
375778742,-2700,700,15412,-221,223,-268
375782264,-2776,1728,15720,-102,45,-27
375785734,-2916,1076,15316,-25,105,48
375789117,-3572,1460,15760,30,181,220
375792525,-2960,-932,16120,-127,240,12
375795971,-3288,400,16032,-101,250,-189
375799527,-2704,1944,15772,-312,97,-414
375803084,-3028,1260,15524,104,-129,112
375806641,-2968,1800,15524,-9,-100,-9
375810024,-3768,-928,16388,13,-51,-49
375813407,-3184,524,15672,-49,257,68
375816728,-2276,-300,16204,-209,36,-381
375820261,-2668,1540,15260,-258,376,-169
375823904,-2536,1880,15544,-125,168,-31
375827461,-4112,-964,16548,64,-27,112
375830844,-3824,1368,15884,-24,224,187
375834314,-3248,-1208,16524,-21,-37,-74
375837871,-3212,884,15508,-163,131,-192
375841452,-2840,36,16292,-145,-138,-345
375844984,-2772,1144,15788,88,-62,103
375848368,-3648,1104,15660,-89,50,102
375851751,-3468,-1268,16484,-107,272,-138
375855481,-4260,584,16116,-17,317,154
375858864,-2592,104,15968,-358,336,-389
375862421,-3104,700,15676,-56,188,-235
375865938,-3100,2332,15764,-36,-42,112
375869361,-3340,624,15632,174,-157,218
375872831,-3860,724,15680,-16,29,28
375876041,-3040,-604,16264,-142,-12,-369
375879719,-2516,880,15576,-249,254,-282
375883241,-3032,1648,15764,-160,-8,-284
375886798,-2992,948,15504,-37,249,96
375890098,-3848,1028,16092,-44,124,167
375893589,-4056,-1508,16912,-144,322,-29
375897208,-3304,504,15828,-35,282,99
375900504,-2736,-64,16228,-264,69,-465
375903974,-3088,1124,15416,-65,21,-148
375907444,-3052,1700,15420,28,-189,7
375910741,-3784,-1000,16352,-1,34,-79
375914124,-2772,596,15572,-123,245,46
375917532,-2440,88,15936,-142,65,-338
375920891,-2724,1392,15332,-116,162,43
375924361,-2572,2128,15664,-49,145,54
375927744,-4140,-1384,16852,-112,280,35
375931300,-4072,1068,15984,-9,148,187
375934684,-3012,-672,16476,-271,168,-466
375938327,-2900,1056,15408,-168,-14,-212
375941995,-2780,1732,15764,-124,-101,-344
375945701,-3148,936,15604,75,-102,113
375949084,-2976,1968,15464,-57,-11,97
375952468,-3228,-1400,16612,-158,359,-209
375956198,-4128,768,16048,-74,220,114
375959581,-2620,-264,16080,-306,428,-350
375963225,-2808,912,15724,-196,209,-372
375966829,-3244,2668,15504,-169,-72,-208
375970425,-3516,-260,15672,98,-27,149
375973808,-4072,1140,15520,-1,-133,29
375977191,-3504,-1360,16556,-48,26,-149
375980783,-2504,1080,15384,-180,278,-142
375984392,-2600,588,16152,-140,41,-263
375987862,-3096,764,15372,-212,343,-139
375991443,-2668,2060,15412,-2,73,130
375994715,-3964,-1316,17032,58,174,227
375998185,-4236,260,16272,-21,205,62
376001481,-2484,464,16080,-264,128,-406
376005038,-2828,1288,15460,-87,-47,-74
376008508,-2996,1796,15580,61,-132,-6
376011891,-3228,616,15940,92,-55,147
376015191,-3880,312,15828,-82,159,3
376018422,-2260,184,16064,-196,125,-344
376021954,-2916,1356,15764,-229,231,-136
376025598,-2696,1940,15704,-261,322,-269
376029241,-2932,748,15440,12,41,110
376032451,-4132,1100,16208,36,220,212
376035834,-4116,-1832,16864,-113,140,-181
376039565,-2792,984,15488,-32,4,-66
376042799,-2888,168,16416,-122,16,-334
376046244,-3020,972,15612,86,-200,107
376049628,-3888,632,15720,-5,69,155
376052837,-3140,-1312,16728,-180,230,-234
376056568,-3104,904,15848,-32,198,103
376059951,-2516,264,15972,-343,408,-384
376063507,-2856,1120,15240,-95,52,-232
376067079,-3184,2360,15532,-46,126,181
376070448,-4140,-1600,16632,123,-170,213
376074091,-4012,492,15924,40,121,40
376077301,-2864,-296,16244,-179,-89,-351
376080983,-2292,996,15464,-225,166,-304
376084501,-2940,2148,15624,-154,83,-222
376088058,-3172,324,15544,-15,170,81
376091384,-3760,1480,15820,-69,207,50
376094738,-4196,-1428,16912,-130,244,51
376098294,-3096,296,15968,-37,311,-31
376101678,-2732,844,15928,-240,13,-349
376105148,-3212,380,15656,152,-117,189
376108618,-3092,1960,15552,-20,-70,7
376111914,-3760,-1320,16592,1,-37,-52
376115301,-2684,720,15420,-90,349,-78
376118705,-2244,420,15976,-140,-8,-282
376122151,-3084,1000,15456,-94,286,31
376125534,-2472,2164,15576,-102,147,20
376129004,-4244,-1316,16720,-64,289,87
376132474,-4168,792,16264,-33,242,155
376135857,-2712,-440,16304,-257,90,-435
376139414,-2912,1168,15408,-129,94,-119
376142995,-2932,1448,15720,-34,-172,-114
376146614,-2880,1096,15380,119,-113,129
376150171,-3952,532,15580,-62,67,150
376153467,-3180,-1252,16632,-114,252,-233
376157197,-3156,876,16044,-82,355,92
376160494,-2504,304,16144,-324,258,-366
376164051,-2860,1136,15236,-82,215,-176
376167655,-3272,2288,15572,-15,-19,137
376171078,-4172,-1528,16604,158,-127,197
376174721,-4012,572,15960,-63,59,0
376177844,-2916,-252,16144,-146,-43,-381
376181523,-2180,1180,15360,-198,203,-285
376185131,-2964,2112,15544,-169,-18,-212
376188775,-3160,524,15572,21,230,130
376192096,-4056,940,15980,-40,171,140
376195454,-4128,-1624,17004,-185,343,-96
376199098,-3024,704,15948,-111,333,9
376202394,-2748,176,15972,-221,0,-357
376205778,-3112,1012,15496,91,-100,120
376209248,-3008,1840,15308,39,-171,46
376212631,-3920,-1168,16440,-16,52,-75
376216125,-3932,228,15876,-153,215,-19
376219571,-2368,316,15944,-141,97,-301
376223041,-2828,1140,15488,-290,319,-162
376226684,-2548,2280,15384,-39,164,81
376230068,-3256,480,15460,72,58,176
376233277,-4064,1080,15892,-3,142,121
376236661,-2900,-576,16032,-253,159,-420
376240308,-2924,1068,15584,-151,2,-250
376243798,-3000,1668,15644,-128,-97,-326
376247418,-3084,932,15712,55,-79,109
376250714,-3848,680,15756,-29,-16,168
376254097,-3460,-1436,16880,-168,324,-247
376257827,-3228,1152,15764,-78,239,78
376261211,-2752,-364,16312,-317,370,-314
376264854,-2764,1580,15292,-235,254,-327
376268545,-3248,2392,15500,89,-44,268
376271881,-4056,-1872,16904,107,-47,150
376275438,-4044,984,15664,6,-6,63
376278474,-2936,-716,16336,-179,44,-387
376282066,-2356,1172,15352,-232,144,-328
376285674,-2824,1764,15548,-110,16,-216
376289231,-3088,672,15388,-54,251,96
376292552,-3868,784,16036,46,192,164
376295824,-3932,-1428,16980,-204,423,-93
376299468,-3264,416,16000,-141,171,-201
376303024,-2640,28,15944,-220,134,-395
376306494,-3072,1260,15424,112,-234,145
376310051,-2952,1852,15384,92,-103,91
376313434,-3704,-1156,16480,-69,-54,-114
376317102,-4092,364,15952,-81,199,10
376320374,-2404,176,16120,-191,50,-326
376323844,-2724,1180,15632,-281,292,-196
376327488,-2524,2312,15496,-251,358,-278
376331131,-3268,620,15328,33,-14,155
376334428,-4132,996,16116,41,67,238
376337638,-2988,-456,16308,-131,95,-180
376341219,-2976,1096,15796,-88,-7,-152
376344664,-2860,132,16164,-203,46,-366
376348134,-2936,1172,15536,127,-205,108
376351691,-3088,1976,15548,-10,86,166
376355074,-3192,-1272,16700,-194,233,-265
376358805,-4208,616,16100,-6,267,109
376362101,-2564,72,16052,-377,335,-411
376365618,-3036,976,15708,-108,134,-201
376369128,-3204,2252,15732,-42,65,115
376372511,-4028,-1548,16520,123,-183,191
376376155,-4052,556,15884,29,130,16
376379364,-2836,-492,16336,-129,-42,-260
376383043,-2196,1208,15324,-200,186,-247
376386651,-2376,704,16052,-138,63,-243
376390125,-3020,752,15556,-62,186,54
376393442,-3788,1440,15704,-47,208,105
376396888,-4400,-1620,16900,-112,251,57
376400445,-4088,8,16328,-84,307,-21
376403654,-2604,688,15796,-237,-23,-348
376407211,-3252,588,15480,-39,-68,-90
376410594,-2964,1996,15496,-6,-60,-43
376413978,-3832,-1312,16648,33,-89,-15
376417472,-4100,260,15888,-119,291,-13
376420918,-2324,196,16080,-176,2,-317
376424301,-2856,1208,15336,-231,362,-171
376427944,-2352,2284,15516,-67,130,18
376431328,-4252,-1480,16744,96,-67,158
376434798,-3828,1132,15908,-38,242,132
376438268,-3068,-896,16280,-17,-4,-128
376441762,-3080,936,15656,-167,116,-219
376445294,-2824,164,16188,-183,-80,-382
376448851,-2924,1072,15564,121,-106,101
376452408,-3132,1960,15488,-46,21,159
376455791,-3372,-1384,16840,-147,270,-217
376459521,-4136,728,16232,0,294,135
376462731,-2620,-20,16292,-370,342,-400
376466335,-2988,724,15852,-102,231,-232
376469845,-3128,2508,15568,-40,3,147
376473141,-4112,-1676,16620,175,-188,234
376476785,-3984,808,15824,0,67,36
376479821,-2912,-544,16208,-159,-31,-379
376483499,-2376,1112,15316,-171,235,-280
376487108,-2964,1720,15752,-184,-3,-293
376490689,-2900,964,15292,-28,206,75
376493961,-3676,1432,15916,-110,158,44
376497431,-4012,-1104,16664,-87,302,67
376500901,-3368,140,16140,9,304,86
376504024,-2792,2320,15764,-307,24,-422
376507581,-3204,756,15464,88,-84,139
376510877,-3584,1488,15260,-28,-164,-39
376514434,-3784,-1052,16508,53,7,31
376517668,-3076,456,15656,-240,217,-318
376521200,-2252,-188,16036,-181,65,-376
376524757,-2848,1484,15344,-167,175,-18
376528314,-2632,2000,15632,-104,148,-12
376531871,-4084,-980,16556,75,72,109
376535167,-4036,1232,15892,-7,163,228
376538551,-3020,-1020,16548,-232,161,-425
376542305,-3184,992,15600,-144,23,-162
376545751,-2872,1368,15808,-149,-77,-351
376549394,-2672,1224,15644,52,-55,38
376552691,-3700,1092,15424,-79,-14,75
376556074,-3496,-1292,16544,-71,323,-104
376559718,-3452,596,16156,-31,206,180
376563101,-2644,-320,15916,-345,402,-413
376566804,-2812,1080,15132,-125,185,-199
376570388,-2992,2148,15828,-97,10,71
376573684,-3952,-1176,16200,168,-70,150
376577241,-3884,636,15768,61,-49,82
376580451,-2948,-648,16296,-177,100,-402
376584129,-2660,716,15460,-236,159,-298
376587651,-2852,1724,15756,-166,16,-288
376591232,-2964,988,15392,-47,187,56
376594504,-3696,1380,15780,68,134,217
376597888,-4192,-1400,16816,-131,360,49
376601444,-3464,488,15768,-131,174,-185
376605001,-2860,-384,16032,-208,143,-389
376608645,-2912,1320,15392,-167,-1,-179
376612201,-3020,1944,15544,29,-126,9
376615522,-3740,-972,16516,100,-104,145
376619054,-3976,356,15796,-14,173,78
376622351,-2360,-44,16132,-210,154,-394
376625908,-3040,948,15664,-266,268,-142
376629465,-2496,2036,15568,-308,327,-353
376633108,-2968,980,15316,30,-6,103
376636318,-4124,1084,15820,39,189,209
376639701,-4064,-1620,16644,-51,110,-124
376643369,-3188,952,15528,-2,6,-24
376646468,-2880,1296,16000,-129,-6,-341
376650024,-2668,1580,15348,-8,-146,5
376653321,-3848,900,15596,28,-36,177
376656617,-3248,-1212,16664,-211,377,-219
376660348,-3500,672,15864,19,136,151
376663644,-2536,-56,16092,-411,465,-410
376667248,-2812,1064,15228,13,-48,38
376670497,-3748,1704,15656,-24,95,120
376673881,-4076,-1432,16560,50,-67,25
376677264,-3480,744,15788,71,32,56
376680387,-2780,964,15964,-184,-32,-373
376683947,-2400,1740,15312,50,-80,8
376687188,-3372,1352,15480,-68,59,179
376690561,-3564,-932,16420,-85,295,-70
376694007,-3880,420,16076,-181,352,-37
376697477,-2736,-656,16364,-382,367,-400
376701120,-2748,1180,15432,-31,99,-70
376704503,-2812,2108,15828,-93,-50,-31
376707973,-3916,-872,16088,134,-5,116
376711357,-3780,640,15880,39,-15,106
376714653,-3120,-1056,16496,-144,-58,-357
376718408,-2876,652,15560,-286,349,-323
376721940,-2864,1492,15712,-66,2,1
376725063,-3424,-372,15948,-71,371,6
376728360,-3312,1688,15580,70,84,224
376731656,-3224,-1080,16652,-343,494,-330
376735386,-3692,280,15948,-117,220,-159
376738943,-2580,1604,15952,-121,57,-143
376742524,-2944,1456,15400,42,-113,94
376745883,-3492,1492,15200,79,-99,78
376749180,-3340,-1292,16492,71,18,39
376752476,-3456,168,15768,-192,239,-190
376756033,-2772,1008,15928,-223,130,-420
376759676,-2596,1656,15284,-144,182,-66
376763233,-2508,1448,16012,-165,212,-125
376766924,-3920,-52,16160,32,228,258
376770173,-4108,1288,15552,73,100,307
376773556,-3424,-1076,16604,-266,169,-439
376777287,-3268,816,15556,-147,53,-111
376780757,-2744,1072,15952,-73,-87,-228
376784313,-2384,1808,15336,26,-97,9
376787558,-3536,1060,15656,-20,50,178
376790931,-2340,-624,16176,-92,404,-138
376794463,-3764,480,16180,-237,284,-91
376797933,-2588,1500,15992,-371,411,-399
376801577,-2708,1252,15368,-6,9,-25
376804786,-3820,2032,15480,-73,-49,71
376808170,-4000,-1184,16380,22,38,50
376811466,-3692,664,15764,-101,42,-65
376814849,-2924,524,16088,-135,47,-334
376818344,-2336,1672,15508,-59,-115,-112
376821963,-3356,1532,15392,-27,65,49
376825259,-3580,-660,16376,-63,252,-35
376828729,-4052,420,16268,98,133,248
376832026,-3076,-1044,16496,-437,476,-401
376835756,-2740,1124,15392,-114,193,-191
376839400,-2636,1812,15828,-140,88,-80
376842894,-3944,-504,16000,67,-214,102
376846339,-3532,1444,15328,96,-13,122
376849723,-3172,-1228,16420,16,-49,34
376853106,-3224,140,15664,-205,306,-284
376856663,-2652,1380,16128,-221,123,-428
376860306,-2660,1336,15192,-111,168,5
376863690,-3116,1876,15308,-77,233,-19
376867207,-3932,-724,16360,-39,165,137
376870629,-3996,160,16200,61,187,282
376873926,-3260,-1172,16628,-289,65,-474
376877570,-2756,1424,15412,-175,60,-192
376881126,-2776,1500,15808,-93,-74,-130
376884683,-3704,-344,16316,53,-232,86
376888101,-3636,1060,15512,-18,213,163
376891561,-2496,-612,16244,-121,277,-148
376895180,-3628,752,16168,-206,383,-87
376898650,-2660,1412,15828,-422,459,-424
376902293,-2848,1188,15304,25,-41,-15
376905677,-2860,2228,15872,-88,98,90
376908973,-4180,-1264,16336,98,-52,40
376912356,-3472,696,15824,-139,148,-113
376915938,-3100,-916,16316,-173,-42,-347
376919557,-2532,1648,15344,-199,183,-288
376923200,-2720,1628,15736,-98,68,35
376926496,-3512,-744,16108,-65,131,59
376929880,-3548,1300,15792,74,217,227
376933263,-2920,-800,16292,-353,356,-372
376936907,-3520,528,15868,-98,276,-170
376940380,-2788,1856,15980,-310,82,-422
376943958,-3188,1320,15304,123,-113,127
376947490,-3636,1000,15316,9,-107,-48
376950873,-3672,-676,16372,13,-104,-13
376954343,-3140,212,15632,-13,252,102
376957727,-2276,8,16072,-248,62,-379
376961023,-2780,1276,15444,-41,270,27
376964406,-3344,1772,15432,-156,214,19
376967924,-4072,-1104,16556,-36,234,106
376971433,-3724,256,16284,17,267,220
376974729,-2976,-856,16520,-244,78,-461
376978286,-2864,1396,15328,-98,91,-164
376981756,-2744,1452,15760,-42,-180,-126
376985400,-2824,1448,15656,98,-117,120
376988905,-3748,720,15660,-55,148,108
376992278,-2308,-316,15972,-161,266,-228
376995897,-3192,624,15936,-290,385,-146
376999453,-2440,248,16048,-376,306,-391
377003010,-2780,996,15272,49,86,81
377006133,-3924,1752,15548,-59,-58,151
377009603,-4168,-1548,16624,59,70,-31
377012986,-3272,672,15716,-184,52,-205
377016481,-2932,-196,15988,-179,-73,-339
377020100,-2492,1408,15340,-208,258,-295
377023743,-2988,1892,15504,-85,-12,99
377027127,-3568,-1184,16440,13,248,133
377030597,-4016,776,16260,-25,161,130
377033980,-2504,-136,16148,-242,386,-130
377037623,-3316,528,15760,-113,255,-221
377041204,-2636,344,16020,-253,24,-392
377044650,-3016,1000,15328,99,-107,144
377048120,-3704,1340,15508,-19,-136,-64
377051677,-3812,-956,16436,78,-47,40
377054973,-2672,396,15800,-182,314,-126
377058530,-2120,1244,15672,-145,-33,-252
377062173,-2848,1192,15724,-155,322,-17
377065831,-2688,2360,15708,-67,123,-1
377069114,-3232,780,15404,75,56,269
377072323,-4300,448,16156,-57,198,88
377075620,-2748,-16,16288,-189,105,-415
377079177,-2808,1388,15552,-129,-7,-125
377082733,-3016,1800,15320,37,-129,-52
377086203,-3256,836,15832,154,-97,155
377089626,-3952,176,15876,-84,157,65
377092908,-2196,248,15900,-213,342,-345
377096440,-2872,1240,15796,-282,300,-132
377100083,-2556,640,16020,-259,332,-324
377103640,-2900,836,15360,3,57,96
377106676,-4124,1068,15988,45,183,227
377110060,-4172,-1856,16972,-70,134,-175
377113703,-2932,1020,15404,-41,25,-50
377117111,-2924,188,15952,-116,-10,-307
377120643,-2864,1120,15768,99,-211,102
377124113,-3116,1876,15572,-4,13,197
377127409,-3324,-1380,16720,-201,311,-276
377131140,-4096,556,16348,-38,166,89
377134436,-2536,148,16048,-371,462,-379
377137993,-3132,812,15748,-116,91,-266
377141488,-3128,2448,15636,15,68,218
377144760,-4204,-1756,16532,103,-103,193
377148403,-4128,792,15836,46,17,41
377151526,-2832,-516,16224,-191,-42,-373
377155170,-2164,1288,15492,-233,92,-327
377158726,-2908,2024,15488,-77,54,-189
377162196,-3216,388,15540,-15,181,115
377165627,-3844,1164,16128,-11,159,98
377168963,-3836,-1604,16776,-221,350,-94
377172606,-3268,684,15944,-73,217,-6
377175903,-2652,452,16032,-246,100,-357
377179460,-3272,828,15448,96,-164,143
377182843,-3244,1768,15348,85,-108,36
377186226,-3592,-1092,16648,-73,-65,-117
377189904,-4040,-84,15908,-107,273,-45
377193364,-2152,748,15916,-180,56,-319
377196810,-2648,1376,15420,-204,235,-74
377200366,-2596,2176,15512,-54,227,12
377203750,-3228,488,15428,52,-3,189
377206959,-4072,796,16152,-6,292,79
377210169,-2716,-236,16180,-243,4,-409
377213639,-2716,1108,15576,-81,7,-154
377217047,-3088,1952,15404,5,-188,-12
377220406,-3696,-1088,16416,155,-184,162
377224049,-4052,404,15860,-76,232,31
377227345,-2260,64,15992,-229,217,-305
377230816,-2904,1072,15760,-271,383,-159
377234459,-2468,2072,15708,-336,347,-345
377238102,-3096,732,15252,52,27,147
377241337,-4020,1196,16148,-14,100,233
377244782,-4160,-1844,16848,-59,34,-136
377248339,-2948,1012,15648,0,129,10
377251549,-2860,-148,16308,-158,-96,-370
377255192,-2844,1540,15560,121,-56,132
377258662,-3176,1832,15396,-19,1,186
377261959,-3188,-1284,16592,-154,370,-256
377265736,-4084,700,16260,-54,252,137
377269072,-2532,-68,15948,-289,371,-379
377272629,-3048,892,15568,-130,228,-231
377276186,-3196,2408,15636,-204,-58,-265
377279829,-3296,444,15520,129,-39,171
377283213,-4040,496,15648,60,-168,98
377286509,-3444,-1176,16412,-80,2,-184
377290018,-2252,1228,15340,-220,103,-292
377293647,-2536,884,15996,-121,-18,-195
377297179,-3228,472,15532,-144,349,-74
377300649,-2696,2048,15468,0,68,157
377303859,-3828,-1532,16900,-224,444,-120
377307589,-4268,476,16096,-55,253,10
377310886,-2476,596,16132,-243,17,-359
377314356,-2952,1544,15404,-69,21,-38
377317764,-3220,1620,15292,75,-191,26
377321122,-3544,-1032,16416,132,-30,179
377324679,-4132,8,15908,-146,200,-57
377327976,-2152,816,15976,-115,99,-285
377331446,-2740,1432,15404,-247,285,-93
377335002,-2576,2228,15544,-237,250,-261
377338646,-3276,404,15328,22,147,193
377341967,-4180,720,16172,33,33,319
377345152,-2588,44,16276,-151,150,-296
377348622,-2792,1292,15460,-124,-41,-144
377352265,-2984,448,16132,-59,-125,-280
377355822,-3176,836,15752,105,-140,148
377359292,-3344,1696,15612,34,-7,241
377362589,-2840,-1308,16656,-271,332,-400
377366366,-3916,580,16236,-127,219,-19
377369789,-2472,744,16004,-256,414,-280
377373346,-2944,952,15524,-87,53,-185
377376729,-3348,2292,15412,62,62,273
377380026,-4068,-1908,17004,111,-24,155
377383582,-4020,560,16012,-54,17,-56
377386879,-2800,272,16036,-110,37,-332
377390388,-2092,1676,15428,-131,-8,-229
377393930,-3156,1824,15452,-80,-4,-38
377397289,-3400,-256,15724,-48,279,27
377400672,-4244,528,16236,-50,224,57
377403969,-3480,-1404,16764,-332,493,-259
377407699,-3024,956,15588,-74,103,-188
377411169,-2684,1292,15952,-156,103,-237
377414812,-3588,208,15512,-17,-134,12
377418220,-3524,1360,15424,121,-72,124
377421666,-3316,-1052,16496,58,-49,51
377425049,-3476,144,15784,-180,307,-188
377428606,-2536,984,16052,-135,15,-178
377432076,-2412,1592,15124,-182,214,-90
377435632,-2960,2156,15504,-91,237,-85
377439102,-4012,-672,16104,-26,167,160
377442597,-4164,452,16076,92,130,290
377445869,-3460,-1516,16776,-252,141,-436
377449599,-2720,1536,15336,-146,71,-166
377453156,-2916,1016,15852,-68,-99,-161
377456713,-3576,64,16100,-1,-120,-45
377460009,-3684,1316,15332,43,100,209
377463392,-2472,-928,16336,-288,153,-462
377467083,-3764,548,16124,-189,321,-88
377470506,-2528,1388,15952,-415,482,-382
377474149,-2932,1232,15128,-28,-14,-76
377477619,-3640,2024,15740,-52,42,24
377480916,-3952,-876,16228,49,-35,85
377484212,-3640,528,15696,-92,190,-130
377487682,-2988,-808,16292,-207,-44,-369
377491369,-2204,1816,15332,0,-23,-71
377494622,-3408,1580,15408,-60,39,37
377497919,-3428,-772,16188,-70,318,-12
377501389,-4232,472,16196,113,190,250
377504772,-3100,-1244,16540,-354,334,-373
377508502,-2892,1160,15540,-134,283,-244
377512146,-2660,2236,15860,-105,-23,-6
377515640,-3024,832,15444,102,-177,137
377519086,-3676,1692,15356,46,-1,89
377522296,-3224,-1344,16508,-135,-29,-314
377526026,-3136,292,15688,-250,367,-313
377529583,-2196,0,15948,-230,61,-378
377532879,-2576,1428,15444,-77,220,32
377536262,-3212,1792,15424,-148,223,4
377539645,-3884,-884,16372,-32,256,118
377543140,-3880,244,16052,-98,247,-104
377546586,-3192,-1032,16572,-295,90,-454
377550229,-2948,1548,15312,-120,69,-159
377553786,-2804,1564,15784,-63,-165,-125
377557429,-2716,1500,15416,112,-167,63
377560899,-3824,840,15568,-54,142,135
377564283,-2260,-352,16232,-155,294,-206
377567987,-3320,632,16072,-262,448,-117
377571483,-2380,48,15960,-405,365,-415
377574953,-2856,1236,15296,60,25,66
377578163,-3868,1676,15652,-43,59,161
377581546,-4084,-1536,16508,14,-25,-29
377585016,-3456,600,15676,-170,124,-170
377588573,-2988,-564,16436,-169,-96,-416
377592258,-2320,1672,15444,-205,258,-299
377595859,-3088,1728,15804,-98,-21,78
377599243,-3488,-1152,16496,0,202,94
377602539,-3912,1040,15928,11,191,192
377605923,-2672,-488,16396,-409,401,-402
377609566,-3324,516,15840,-111,298,-226
377613123,-2860,2124,15912,-279,28,-390
377616704,-3116,1088,15464,146,-140,180
377620236,-2980,1752,15528,11,-53,-12
377623620,-3760,-1192,16516,-9,-63,-39
377627090,-2900,668,15580,-83,303,-7
377630386,-2392,140,16096,-167,-1,-328
377633856,-2856,1292,15296,-90,295,33
377637239,-2576,2064,15588,-52,113,67
377640647,-3976,-1104,16636,-53,312,29
377644092,-3760,296,15936,-17,240,186
377647476,-3028,-724,16392,-250,42,-418
377651033,-3036,1312,15496,-146,120,-154
377654676,-2976,1620,15768,17,-186,-80
377658146,-2836,1096,15772,143,-122,108
377661703,-3792,516,15636,-76,142,86
377665003,-2296,-192,15960,-154,280,-272
377668691,-2976,1024,15688,-301,343,-169
377672286,-2448,256,16216,-312,313,-345
377675843,-3000,876,15192,-73,175,-203
377679313,-3216,2364,15764,-52,9,155
377682610,-4032,-1636,16548,56,58,-35
377685993,-4148,384,16064,-26,57,-14
377689289,-2904,-236,16408,-152,-61,-334
377692979,-2192,1220,15332,-206,252,-263
377696576,-3012,1920,15788,-28,-39,143
377700046,-3120,596,15392,6,302,121
377703256,-4240,684,16212,2,148,159
377706466,-2424,76,16076,-351,441,-365
377709936,-3264,748,15780,-137,148,-218
377713493,-3024,2372,15832,-56,42,130
377716900,-3080,892,15264,95,-90,217
377720172,-4132,556,15592,61,-21,87
377723382,-3000,-584,16548,-214,35,-385
377726939,-2480,1196,15416,-225,143,-270
377730582,-2876,1660,15720,-112,20,-249
377734139,-3000,1012,15268,-66,176,98
377737522,-3800,1052,15696,66,147,219
377740930,-4096,-1516,16820,-199,397,-60
377744549,-3340,512,15836,-23,157,80
377747846,-2644,68,16040,-235,110,-403
377751315,-3084,1220,15520,92,-179,153
377754786,-2960,1716,15364,64,-125,22
377758169,-3588,-1068,16436,-45,-20,-101
377761812,-4008,176,15896,-78,198,13
377765112,-2300,304,16112,-218,125,-342
377768714,-2704,1284,15588,-263,265,-142
377772309,-2604,2160,15720,-60,250,19
377775692,-3172,808,15336,4,0,142
377778728,-4156,848,15960,44,255,173
377782025,-2908,-412,16236,-291,36,-466
377785582,-3016,1204,15524,-117,-1,-138
377789139,-2980,1640,15440,-25,-87,-48
377792635,-2984,1160,15688,108,-229,116
377796200,-3884,516,15740,-19,218,96
377799462,-2076,-48,15848,-215,278,-336
377803019,-3076,1132,15824,-233,372,-122
377806662,-2388,328,16060,-329,351,-366
377810219,-3092,1000,15304,43,-6,102
377813515,-3960,1252,15760,18,59,251
377816836,-4188,-1904,16784,-41,21,-157
377820369,-3168,1040,15688,30,84,-30
377823665,-2732,-204,16276,-178,-125,-314
377827395,-2856,1400,15572,-178,107,-313
377831039,-3140,2140,15460,-17,-3,189
377834422,-3456,-1592,16712,-38,182,115
377837979,-4104,828,16252,-64,289,92
377841300,-2412,-32,16052,-258,340,-189
377844832,-3264,776,15656,-89,228,-215
377848302,-3084,2312,15860,-238,14,-288
377851859,-3380,520,15452,146,-104,200
377855329,-3972,764,15648,34,-73,58
377858539,-3604,-1336,16536,-83,-41,-139
377862182,-2320,1196,15480,-150,365,-129
377865874,-2500,796,15816,-141,-12,-228
377869382,-2452,1484,15372,-169,298,-84
377872939,-2728,2240,15340,-32,93,140
377876322,-3520,72,15640,59,80,220
377879445,-4280,444,16216,-30,274,44
377882742,-2628,348,15976,-254,64,-386
377886212,-3304,832,15472,-50,4,-64
377889421,-3000,1800,15504,17,-169,-43
377892915,-3580,-1128,16252,-16,33,-77
377896397,-3852,244,15936,-96,156,-31
377899745,-2336,420,16004,-124,131,-284
377903302,-2704,1224,15620,-323,320,-178
377906945,-2536,2264,15548,-251,302,-278
377910589,-3288,392,15384,-7,129,156
377913885,-4044,1120,16052,-12,164,174
377917380,-4148,-1944,16872,-81,167,-188
377920998,-2804,1244,15556,-93,72,-91
377924382,-2936,428,16216,-74,-89,-281
377927852,-3216,804,15764,87,-153,108
377931235,-3228,1828,15600,-18,-10,185
377934705,-3040,-1280,16636,-230,355,-290
377938435,-4064,536,16392,-98,198,10
377941756,-2464,600,16144,-298,445,-303
377945288,-2892,836,15776,-127,93,-237
377948759,-3436,2556,15392,72,27,309
377952055,-3840,-340,15844,124,-41,211
377955525,-4028,584,15736,-14,10,-67
377958821,-2860,-204,16316,-99,57,-229
377962292,-2176,1340,15376,-193,46,-306
377965898,-3000,2056,15352,-48,22,-129
377969318,-3228,36,15532,-19,241,97
377972528,-4228,536,16296,-21,261,78
377975825,-2484,340,15872,-354,415,-270
377979381,-3052,856,15720,-93,129,-234
377982851,-3184,2404,15724,-195,67,-237
377986408,-3436,372,15504,119,-154,204
377989882,-4164,528,15968,105,-16,118
377993284,-3432,-1364,16608,-133,-60,-227
377997026,-3624,216,15788,-177,353,-159
378000548,-2740,792,15780,-96,-16,-193
378004018,-2404,1664,15436,-177,236,-95
378007575,-2880,2060,15316,-6,182,162
378010958,-3712,-140,15772,2,88,161
378014168,-4176,496,16132,2,279,31
378017316,-2628,512,16072,-253,13,-355
378020761,-3372,852,15440,-43,-80,-53
378024144,-3156,1824,15120,44,-143,51
378027528,-3532,-1116,16524,148,-130,154
378031171,-3964,-48,16064,-186,306,-32
378034641,-2332,744,15984,-287,145,-468
378038198,-2544,1536,15472,-230,349,-90
378041779,-2580,1100,16164,-248,205,-217
378045398,-3312,492,15524,59,142,181
378048694,-4392,548,16120,46,46,313
378051904,-3828,-1984,16808,-153,115,-344
378055635,-2892,1384,15484,-75,108,-95
378059105,-2748,504,16120,-131,-127,-270
378062748,-2192,1604,15408,-44,-12,-159
378066407,-3216,1568,15340,-87,68,5
378069515,-2832,-1112,16564,-49,266,6
378072898,-4072,292,16136,-137,352,-10
378076368,-2380,948,15940,-375,390,-339
378079925,-2852,984,15620,-65,133,-151
378083395,-3440,2600,15684,-155,-6,-111
378086951,-3764,-600,15988,128,-52,145
378090445,-4088,828,15848,39,12,79
378093544,-2972,40,16308,-99,-87,-282
378096931,-2072,1568,15456,-204,160,-233
378100610,-2744,1356,15828,-76,-65,-50
378104041,-3312,16,15720,-25,334,84
378107251,-4256,412,16324,-57,224,81
378110547,-3520,-1384,16656,-289,409,-255
378114278,-3048,912,15496,-128,298,-105
378117859,-2592,1112,15832,-177,2,-233
378121304,-3464,336,15652,16,-45,29
378124514,-3460,1552,15336,87,-175,141
378127984,-3256,-1152,16328,-131,85,-241
378131628,-3684,-80,15760,-172,270,-152
378135184,-2688,900,16048,-231,108,-444
378138741,-2468,1604,15276,-203,266,-91
378142322,-2868,2040,15476,-136,165,-126
378145941,-3544,-56,15976,-7,241,152
378149238,-4348,100,16176,47,48,305
378152447,-3540,-1624,16888,-206,196,-389
378156178,-2752,1420,15452,-148,51,-136
378159735,-2900,860,15952,-76,-58,-237
378163204,-3412,232,16060,-6,-32,-38
378166549,-3468,1216,15404,-12,44,217
378169884,-2484,-836,16444,-245,232,-433
378173528,-3868,296,16196,-232,294,-104
378177085,-2548,1460,15852,-339,441,-403
378180728,-2956,1148,15356,-64,4,-72
378184025,-3520,2168,15680,-78,-27,30
378187408,-4016,-948,15980,61,50,105
378190728,-3680,524,15860,-81,39,-88
378194001,-2912,552,15968,-164,48,-383
378197471,-2212,1800,15380,-46,-98,-85
378200976,-3196,1720,15276,-19,39,28
378204237,-3508,-552,16196,-76,273,-6
378207620,-3872,568,16176,-89,332,1
378210830,-2516,940,15924,-325,299,-297
378214387,-3032,1016,15580,-38,48,-157
378217882,-3376,2320,15576,3,107,255
378221154,-3760,-384,15864,90,-105,143
378224623,-4028,428,16044,-39,164,-96
378228007,-2740,180,16132,-170,-72,-320
378231564,-2152,1596,15216,-108,94,-223
378235120,-2696,1372,15924,-138,30,-110
378238677,-3472,-160,15788,0,277,111
378241998,-4180,352,16348,38,185,176
378245270,-3284,-1324,16880,-338,369,-292
378249000,-3024,1004,15584,-72,316,-90
378252470,-2604,1136,16084,-190,-43,-242
378256114,-2836,1392,15608,30,-91,3
378259324,-3316,1688,15200,71,-125,126
378262794,-3324,-1284,16612,76,-120,89
378266312,-3576,260,15876,-225,352,-192
378269820,-2584,1028,16020,-212,63,-418
378273377,-2476,1676,15344,-174,325,-67
378276934,-2908,2076,15404,-167,186,-108
378280577,-3712,-404,16104,6,219,157
378283874,-4148,456,15988,29,150,278
378287170,-3680,-1660,16860,-199,68,-408
378290837,-2788,1612,15644,-134,167,-185
378294457,-2808,1192,15924,-97,-149,-144
378298101,-2460,1500,15220,69,-77,-30
378301519,-3444,1400,15388,-17,52,169
378304867,-3508,-1052,16500,-84,283,-21
378308424,-3700,364,15952,-210,352,-124
378311981,-2488,-404,16160,-371,341,-398
378315649,-2832,1268,15360,-89,248,-208
378319181,-2860,2096,15696,-76,-38,22
378322564,-4096,-892,16240,123,-190,179
378326121,-3860,900,15712,54,-5,79
378329244,-3076,-828,16412,-161,-16,-397
378332888,-2552,744,15476,-297,358,-316
378336444,-2964,1568,15784,-30,-40,42
378339828,-2812,1224,15424,-29,250,89
378343235,-3660,1284,15860,53,68,200
378346507,-2940,-896,16492,-128,351,14
378349977,-3456,308,15936,-183,234,-219
378353534,-2660,2032,15968,-266,41,-463
378357091,-3188,1176,15312,66,-105,143
378360561,-3648,1204,15392,-12,-188,-62
378364118,-3660,-800,16528,56,25,39
378367376,-3168,268,15756,-282,258,-296
378370884,-2112,200,16004,-190,119,-367
378374441,-2532,1252,15244,-271,379,-124
378378084,-2580,2020,15624,-62,165,22
378381468,-4040,-1068,16508,64,76,123
378384851,-4128,1136,16016,2,137,222
378388147,-3160,-924,16676,-241,190,-470
378391814,-2984,1008,15508,-126,-26,-176
378395434,-2920,1680,15728,-125,-62,-311
378399078,-2872,1292,15480,108,-151,69
378402583,-3044,1852,15512,-8,-28,183
378405931,-3352,-1336,16708,-182,388,-222
378409661,-4236,536,16444,-79,201,97
378412958,-2580,216,15996,-305,404,-377
378416539,-2976,864,15680,-143,176,-235
378420071,-3140,2332,15468,8,9,190
378423194,-3996,-1624,16708,-25,49,-65
378426664,-4128,524,15852,31,16,26
378429787,-3148,-412,16336,-147,3,-303
378433257,-2588,1652,15504,-251,114,-311
378436901,-3216,1820,15616,-27,80,148
378440287,-3476,-1164,16560,-58,211,136
378443865,-4112,804,16216,4,195,111
378447051,-2340,32,16008,-361,346,-417
378450521,-3400,404,15608,-132,137,-246
378454077,-2940,2560,15772,-12,39,147
378457461,-3344,628,15408,129,-218,195
378460930,-4136,708,15764,62,69,80
378464053,-3084,-656,16424,-176,-113,-375
378467832,-2160,972,15540,-263,250,-368
378471341,-2448,736,15716,-142,60,-243
378474810,-2916,856,15376,-7,157,75
378478020,-3916,952,16132,-7,279,136
378481317,-3896,-1352,16736,-211,309,-92
378484960,-3280,264,15780,-116,288,-248
378488517,-2576,444,15932,-314,62,-445
378492010,-3216,952,15336,-54,-98,-55
378495370,-3236,1664,15440,5,-67,11
378498580,-3804,-1096,16688,-6,-82,-62
378502050,-2488,652,15464,-138,349,-24
378505555,-2284,572,15848,-152,-7,-315
378508990,-2932,1104,15240,-207,316,-107
378512634,-2644,2000,15504,-68,154,47
378516041,-3928,-1152,16724,44,45,145
378519400,-4256,680,16144,-28,289,147
378522783,-2772,-52,16228,-272,5,-466
378526167,-2832,1328,15324,-95,71,-110
378529637,-2936,1728,15336,-1,-200,-32
378533107,-3792,-820,16652,166,-126,199
378536663,-3948,20,15924,-135,233,31
378539963,-2252,388,15740,-201,235,-415
378543541,-2888,1208,15676,-304,396,-134
378547160,-2624,136,15932,-311,300,-360
378550717,-2968,1324,15192,78,68,186
378554013,-4220,316,16116,114,-34,379
378557397,-4024,-1984,16916,-152,161,-341
378561127,-3992,768,15904,-71,75,-15
378564423,-2740,-192,16400,-132,-64,-372
378568127,-2012,1852,15180,-180,140,-255
378571710,-3124,1684,15412,-37,-14,226
378575180,-3348,-252,15980,-10,342,32
378578564,-4140,684,16200,-79,194,98
378581860,-2420,360,16064,-289,391,-240
378585417,-2804,1100,15636,-128,143,-234
378589060,-2620,1408,15824,-153,-54,-189
378592727,-3556,116,15460,19,-71,20
378595914,-4200,392,16052,97,-193,145
378599297,-3448,-1284,16584,-134,59,-254
378602940,-3520,140,15860,-247,307,-204
378606532,-2640,1044,15800,-64,39,-130
378609967,-2540,1712,15320,-169,302,-66
378613524,-2864,2148,15296,35,109,208
378616932,-3796,-504,15972,39,248,164
378620290,-3964,404,16172,-107,211,-44
378623760,-2568,872,15960,-207,95,-399
378627230,-2696,1640,15476,-52,-86,-40
378630700,-3280,1768,15316,-56,-186,-145
378634344,-3608,-88,16044,77,-54,104
378637640,-3788,-8,15732,-45,30,170
378640875,-2276,-692,16356,-239,229,-399
378644494,-2524,1516,15388,-216,231,-108
378648137,-2500,1520,15920,-168,309,-181
378651781,-2752,1244,15436,-49,56,-76
378655164,-3848,2036,15652,59,66,290
378658460,-3744,-1812,16924,-213,127,-366
378662191,-3664,480,15904,-118,21,-179
378665709,-3072,-720,16320,-147,34,-356
378669217,-2288,1728,15420,-31,-126,-27
378672774,-2940,1644,15672,-65,31,30
378676071,-3592,-780,16372,-56,313,17
378679454,-4164,436,16272,41,94,215
378682664,-2976,-812,16300,-361,471,-386
378686307,-2716,1092,15488,-63,29,-144
378689777,-2828,2088,15840,-52,-19,-46
378693270,-3724,-720,15912,62,-63,120
378696630,-3780,1228,15584,77,-99,134
378700014,-3060,-1000,16340,-169,27,-352
378703657,-2988,448,15648,-251,262,-262
378707249,-2708,1384,15888,-68,102,-98
378710684,-2584,1576,15236,-120,179,10
378714154,-3304,1648,15460,89,163,218
378717562,-3964,-984,16456,-104,280,57
378721007,-3816,360,16104,-22,227,-93
378724390,-2616,1416,16036,-313,155,-463
378728034,-2956,1584,15292,44,-155,57
378731417,-3440,1424,15252,7,-63,-88
378734714,-3696,-396,16212,51,-106,83
378738097,-3456,52,15712,-195,401,-204
378741591,-2224,-248,16132,-235,87,-439
378745124,-2444,1520,15244,-119,235,-19
378748680,-2668,1780,15864,-177,253,-81
378752237,-3972,-488,16208,23,-38,72
378755534,-3948,1632,15676,45,222,276
378758917,-3496,-1364,16824,-243,62,-421
378762560,-3268,816,15732,-118,73,-169
378766079,-2988,1192,15948,-84,-142,-142
378769674,-2600,1520,15400,55,-164,5
378772970,-3620,1132,15372,-17,128,223
378776440,-3464,-1324,16568,-123,271,-136
378780171,-3600,564,16164,29,258,168
378783467,-2676,-340,16092,-358,347,-363
378787111,-2904,1208,15300,-112,178,-229
378790777,-2956,2184,15952,-110,9,34
378794051,-3964,-1044,16296,119,-188,209
378797694,-4028,768,15580,50,74,59
378800817,-2852,-604,16376,-183,-79,-348
378804461,-2564,680,15536,-217,273,-283
378808052,-2812,1788,15876,-214,87,-336
378811574,-2888,1260,15252,-16,150,83
378814961,-3768,1164,15848,-26,249,118
378818452,-4024,-1320,16780,-163,253,3
378821897,-3440,480,15824,-134,321,-180
378825454,-2868,-324,16096,-245,-34,-438
378829098,-2856,1464,15312,-129,18,-198
378832654,-2960,1996,15540,60,-185,25
378836038,-3696,-1200,16560,130,-168,143
378839681,-3812,596,15856,-103,279,48
378843089,-2372,-64,16292,-177,182,-263
378846621,-2848,1104,15884,-286,488,-166
378850265,-2524,336,15700,-292,262,-345
378853821,-2988,1088,15388,-123,106,-243
378857465,-3368,2280,15500,9,58,302
378860675,-4024,-1920,16896,-101,70,-207
378864318,-3952,1144,15744,20,137,73
378867663,-2928,-924,16480,-164,-46,-423
378871258,-2036,1552,15512,-214,147,-351
378874902,-3292,1688,15496,-21,-45,37
378878285,-3416,-596,15892,-64,300,-13
378881755,-4044,1048,16004,22,211,151
378885138,-3748,-1836,16908,-256,325,-178
378888868,-2972,1140,15656,-127,352,-139
378892535,-2540,1200,15752,-201,-58,-224
378896155,-2856,1220,15524,-9,-145,-24
378899625,-3016,2056,15188,-23,-19,-7
378903009,-3712,496,16048,188,-195,288
378906479,-3760,-640,15884,-215,420,-278
378910157,-2120,-156,16156,-332,186,-519
378913765,-2608,1244,15620,-133,285,84
378917260,-2652,952,15936,-277,364,-339
378920792,-3420,660,15800,-44,-40,-32
378924176,-4040,1212,15748,79,210,350
378927559,-3540,-1416,16904,-191,44,-428
378931202,-3476,844,15680,-48,101,-61
378934586,-2848,608,15924,-179,38,-368
378938056,-2136,1948,15236,0,-116,-84
378941463,-3508,1304,15400,-35,115,229
378944909,-3484,-1040,16516,-69,261,-55
378948465,-3824,520,16092,-207,410,-29
378951935,-3040,-808,16316,-326,327,-334
378955579,-2808,1212,15616,-134,272,-220
378959223,-2820,1916,15644,-150,-11,-28
378962779,-2952,1220,15476,77,-174,114
378966299,-3716,1160,15316,64,10,110
378969546,-3052,-1000,16448,-10,-73,-38
378973103,-3128,616,15584,-199,299,-226
378976659,-2208,60,16152,-214,74,-363
378980043,-2700,1400,15352,-103,209,9
378983426,-3260,1608,15400,-66,233,37
378986809,-3996,-1044,16808,-50,163,83
378990282,-3708,528,15844,-133,326,-134
378993859,-3128,-968,16492,-228,-4,-428
378997393,-2760,1540,15584,-166,65,-217
379000949,-2800,1604,15632,-29,-145,-81
379004506,-3748,-620,16260,81,-225,77
379007889,-3748,780,15508,-48,216,100
379011307,-2492,-380,16396,-143,223,-236
379014919,-3160,832,15872,-265,443,-150
379018497,-2532,1824,15688,-369,337,-400
379022116,-2852,1184,15428,50,-11,87
379025413,-3924,1500,15768,-49,58,172
379028796,-4112,-1656,16432,43,10,-56
379032179,-3324,852,15768,-162,114,-151
379035736,-2832,-460,16288,-178,-93,-345
379039380,-2544,1512,15404,-211,226,-333
379043048,-2860,2168,15480,-50,-61,131
379046493,-2968,524,15580,-20,202,83
379049790,-3776,1336,15692,-37,232,171
379053260,-2928,-840,16320,-134,246,8
379056643,-3140,428,15848,-172,331,-314
379060199,-2984,2176,15612,-229,-42,-335
379063843,-3236,620,15592,129,-104,141
379067415,-2964,2032,15340,-32,-101,-34
379070870,-3672,-1280,16464,30,-79,-50
379074340,-3864,200,15848,-166,334,-60
379077810,-2352,396,15992,-128,-39,-291
379081367,-2556,1420,15540,-265,410,-135
379085010,-2644,2148,15488,-34,84,71
379088306,-3260,468,15620,76,59,190
379091540,-4092,892,16092,-10,181,116
379094900,-2872,-472,16296,-264,134,-441
379098543,-3048,1056,15668,-142,59,-150
379102100,-2948,1500,15828,-163,-135,-381
379105830,-2836,1732,15356,113,-132,209
379109387,-3380,1592,15536,44,-27,309
379112809,-2768,-1136,16736,-265,391,-477
379116525,-4080,1132,15952,-28,194,162
379119970,-2696,-340,16184,-252,347,-189
379123614,-2856,1372,15640,-188,190,-296
379127257,-2584,1844,15632,-141,-68,-94
379130814,-3628,-488,15764,138,-10,103
379134284,-3484,1944,15288,52,-114,41
379137667,-3240,-1356,16400,-81,2,-239
379141162,-3644,-56,15924,-271,380,-305
379144694,-2684,1432,16028,-56,-42,-70
379148164,-2496,1428,15220,-122,288,-4
379151634,-2876,2084,15296,-12,69,136
379155017,-3720,-1528,16748,77,185,221
379158487,-4128,332,16144,-125,223,-93
379161957,-2600,980,15852,-207,71,-424
379165476,-2736,1540,15412,-58,-53,-35
379168897,-3248,1720,15392,-75,-168,-185
379172541,-3432,-36,16244,118,-29,163
379175924,-3944,-4,15788,-29,36,216
379179134,-2516,-936,16656,-208,202,-456
379182777,-2440,1656,15404,-253,393,-60
379186334,-2724,1252,15996,-161,218,-186
379189981,-2872,1220,15456,-19,97,-75
379193384,-3644,2092,15416,41,45,315
379196657,-3856,-1824,16740,130,31,86
379200041,-3752,488,15832,-91,39,-126
379203424,-2852,612,16136,-71,-38,-271
379206894,-2076,1728,15488,-79,-74,-135
379210451,-3240,1592,15088,-10,102,217
379213955,-3640,-768,16188,-68,314,-3
379217328,-4004,500,16228,-156,330,-24
379220774,-2488,968,15796,-324,485,-314
379224331,-2756,1124,15536,-53,33,-178
379227801,-2780,1844,16040,-92,33,-70
379231184,-3824,-540,15956,104,-115,136
379234740,-3952,556,16016,87,-83,95
379237950,-3204,-1128,16608,-179,12,-290
379241618,-2156,1516,15360,-217,255,-267
379245237,-2784,1244,16000,-92,68,-104
379248707,-3416,-140,15924,-120,150,6
379252091,-3000,1712,15404,35,216,130
379255474,-3472,-1316,16576,19,153,162
379258944,-3960,168,16004,-50,281,-100
379262414,-2448,1364,15840,-217,61,-257
379266019,-2836,1504,15524,38,-126,48
379269354,-3192,1572,15184,62,-15,30
379272650,-3524,28,16144,107,-115,106
379276034,-3496,-96,15732,-139,347,-157
379279590,-2484,1172,15980,-282,169,-469
379283234,-2460,1560,15352,-166,229,-44
379286791,-2680,1448,15760,-181,319,-136
379290462,-3576,108,15900,-7,-16,-47
379293731,-3768,1788,15588,27,206,297
379297114,-3668,-1628,16788,-186,49,-401
379300757,-3632,660,15892,-104,93,-131
379304227,-2856,796,16096,-111,-140,-244
379307871,-2328,1684,15436,-28,-104,-95
379311428,-3256,1552,15220,-27,62,61
379314759,-3476,-1052,16456,-74,255,-38
379318305,-3952,492,16324,59,253,188
379321577,-2796,-808,16208,-358,382,-335
379325221,-2856,1272,15420,-127,232,-216
379328864,-2848,2084,15804,-135,-48,-31
379332421,-2984,1236,15560,80,-192,115
379335891,-3748,1164,15404,87,44,119
379339188,-2964,-880,16412,-3,-112,-31
379342682,-3044,588,15580,-209,365,-257
379346214,-3008,1196,16064,-198,50,-387
379349771,-2456,1656,15104,-92,209,32
379353154,-3368,1524,15448,-53,223,54
379356538,-4104,-964,16644,-64,160,79
379359921,-3772,544,15848,-103,339,-118
379363478,-3104,-1044,16544,-234,35,-423
379367169,-2844,1492,15544,-147,27,-193
379370678,-3092,1468,15860,-56,-122,-92
379374234,-3608,-404,16304,72,-192,32
379377618,-3888,732,15580,-43,203,174
379381001,-2328,-388,16268,-165,272,-244
379384645,-3216,940,15992,-259,407,-123
379388201,-2584,1564,15812,-356,356,-367
379391868,-2860,1256,15368,73,19,55
379395054,-3828,1528,15860,-67,44,178
379398438,-4168,-1540,16424,55,19,-3
379401734,-3296,776,15648,-162,78,-173
379405204,-2868,-672,16316,-163,-91,-316
379408848,-2528,1648,15332,-31,-37,-80
379412318,-2916,2000,15648,-20,-62,99
379415744,-3544,-1212,16664,-53,372,-64
379419258,-3684,1332,15692,-8,167,174
379422641,-2896,-900,16248,-335,425,-321
379426285,-3108,312,15896,-193,332,-331
379429841,-2940,2360,15608,-249,-50,-350
379433485,-3228,776,15680,143,-89,193
379436868,-3928,1188,15404,-11,-151,-31
379440449,-3544,-1100,16416,32,-56,-52
379443895,-2668,612,15400,-123,303,-22
379447365,-2436,260,15980,-141,-6,-317
379450835,-2596,1280,15360,-266,441,-94
379454392,-2540,1932,15532,-139,180,-46
379457948,-4280,-792,16812,108,0,196
379461245,-4172,288,16180,-30,217,128
379464628,-2732,-32,16228,-244,106,-439
379468233,-2876,1168,15476,-152,26,-78
379471655,-2764,1636,15656,-36,-124,-146
379475298,-2692,1460,15388,96,-73,121
379478682,-3832,308,15664,-5,-40,187
379481978,-3176,-1204,16924,-127,335,-269
379485708,-3276,1040,16052,-40,243,141
379489178,-2776,-200,16120,-284,360,-390
379492846,-2672,1596,15304,-176,251,-310
379496465,-3448,2360,15628,50,-55,309
379499849,-3404,-248,15544,113,-14,150
379503318,-4064,1064,15812,33,-39,46
379506615,-3100,-760,16352,-16,-44,-129
379510172,-2228,1064,15340,-264,175,-376
379513815,-2548,1000,16036,-113,-36,-200
379517500,-3184,472,15552,-27,248,101
379520842,-2784,2036,15308,-26,64,142
379524225,-3804,-1308,16724,-198,457,-59
379527869,-4132,788,15856,1,184,115
379531078,-2800,-276,16076,-259,139,-416
379534722,-2916,1588,15096,-166,33,-188
379538279,-3168,1688,15348,142,-154,111
379541860,-3332,212,16012,71,3,72
379544872,-3888,536,15752,-101,174,28
379548255,-2240,144,16052,-175,172,-373
379551812,-2752,1540,15668,-299,280,-187
379555455,-2576,2008,15436,-243,295,-238
379559099,-3272,468,15536,2,25,116
379562222,-3960,860,15976,-1,209,179
379565579,-2952,-436,16292,-112,179,-270
379569162,-2908,1256,15488,-135,-54,-168
379572805,-2788,240,16284,-101,-12,-282
379576362,-3044,1000,15480,-128,27,-221
379579919,-3152,1952,15156,-23,63,175
379583302,-3108,-1240,16696,-210,276,-264
379587032,-4148,692,16040,-26,209,117
379590440,-2580,-40,16096,-280,467,-185
379593972,-2852,1132,15640,-149,84,-314
379597529,-2572,1560,15820,-111,27,-129
379601086,-3612,-100,15712,78,-98,142
379604469,-4032,672,15748,85,-145,53
379607765,-3480,-1392,16456,-96,36,-202
379611322,-2220,1332,15420,-223,269,-216
379614969,-2676,1016,16076,-76,74,-154
379618478,-2540,1468,15400,-211,235,-102
379622079,-2720,2272,15264,11,168,113
379625463,-3644,-104,15980,46,157,197
379628846,-4020,476,16156,-65,208,3
379632056,-2632,480,16008,-246,92,-335
379635526,-2676,1404,15432,-68,-56,-98
379638996,-3136,1808,15348,54,-74,11
379642317,-3700,-1040,16604,81,-131,149
379645849,-4048,32,15732,-65,250,3
379648972,-2320,504,16020,-210,37,-361
379652442,-2804,1424,15708,-234,262,-69
379655999,-2528,1988,15652,-99,270,-27
379659469,-3068,1268,15268,57,-84,187
379662852,-4168,276,16144,15,315,136
379666197,-2848,28,15956,-201,76,-350
379669532,-2880,1120,15432,-57,0,-68
379672828,-2976,1604,15568,-63,-105,-124
379676472,-2916,1284,15528,148,-225,137
379680028,-3872,240,15780,5,109,249
379683238,-3036,-1280,16856,-176,198,-344
379686968,-3216,1184,15732,-8,238,144
379690376,-2676,-232,16312,-327,360,-391
379693995,-2808,1592,15220,-160,140,-307
379697638,-3164,2384,15392,3,19,279
379700848,-4068,-1872,16716,-39,54,-205
379704405,-3940,1084,15724,31,111,51
379707702,-2940,-736,16324,-171,-112,-365
379711432,-2300,1300,15604,-222,238,-347
379715079,-2972,1860,15276,-119,31,-169
379718674,-3212,520,15744,-8,175,69
379721842,-3828,992,15884,5,216,150
379725052,-2728,-448,15988,-197,303,-73
379728608,-3248,596,15904,-115,243,-241
379732165,-2584,376,16216,-266,59,-353
379735635,-3160,804,15264,137,-112,174
379739105,-3076,1760,15240,-3,-86,-16
379742513,-3684,-1060,16496,-4,-47,-58
379745958,-2824,536,15664,-94,260,-31
379749342,-2488,312,16120,-191,11,-337
379752812,-2920,1204,15428,-213,349,-66
379756368,-2648,1872,15628,-96,149,32
379759752,-4152,-1064,16728,70,10,169
379763135,-4172,772,15976,-24,264,160
379766566,-2868,-380,16328,-302,110,-456
379770162,-2808,1228,15456,-117,76,-131
379773718,-3012,1720,15596,-158,-78,-329
379777362,-2992,1076,15632,132,-162,152
379780919,-2948,1908,15348,-91,74,165
379784302,-3228,-1280,16600,-168,235,-254
379788032,-4140,588,16232,-72,316,73
379791353,-2412,216,15936,-364,313,-391
379794885,-3152,824,15840,-54,160,-188
379798355,-3268,2440,15572,-12,-17,196
379801825,-3552,232,15632,189,-165,213
379805295,-4100,616,15936,-34,91,0
379808418,-2948,-352,16236,-132,-84,-363
379812062,-2384,1136,15608,-214,235,-312
379815729,-2864,1896,15524,-133,-8,-190
379819297,-3000,620,15532,24,240,102
379822558,-4152,796,16100,-11,145,181
379825942,-3832,-1712,16968,-215,359,-149
379829672,-3256,660,15672,-70,321,41
379832969,-2656,212,16068,-218,15,-355
379836439,-3176,1124,15252,73,-86,124
379839825,-3088,1920,15164,29,-162,34
379843230,-3672,-1036,16456,-10,4,-119
379846675,-3932,104,15908,-127,330,-27
379850145,-2492,408,16176,-139,-29,-299
379853702,-2612,1468,15632,-251,389,-119
379857345,-2584,2076,15576,-51,87,67
379860642,-3308,460,15656,69,63,175
379863851,-4184,732,16000,-23,199,152
379867283,-2848,-428,16288,-248,92,-434
379870792,-2844,1204,15440,-188,70,-174
379874348,-3024,1660,15492,-109,-158,-313
379878079,-2992,1000,15652,97,-80,136
379881462,-3892,476,15780,-58,13,161
379884758,-3092,-1320,16708,-181,297,-255
379888489,-3080,1116,15788,-115,302,37
379891983,-2512,304,16116,-287,309,-348
379895515,-2868,908,15816,-138,214,-241
379899072,-3192,2588,15492,23,-53,246
379902455,-4172,-1912,16980,134,-53,177
379906012,-4020,568,15916,16,10,-1
379909135,-2808,-272,16088,-168,11,-335
379912692,-2336,1216,15448,-202,130,-299
379916359,-2972,2064,15584,-132,-37,-190
379920014,-3196,496,15496,-46,268,45
379923275,-3916,988,16108,16,77,145
379926485,-3880,-1604,17172,-208,452,-137
379930215,-3084,740,15748,-114,250,-19
379933685,-2540,608,15848,-170,46,-313
379937155,-3388,684,15532,-85,16,-55
379940476,-3020,1812,15284,97,-157,34
379943835,-3820,-1220,16492,-73,6,-122
379947305,-3848,56,16024,-150,195,-83
379950688,-2440,684,15968,-117,106,-294
379954245,-2876,908,15200,-272,285,-102
379957802,-2396,2024,15552,-82,230,39
379961185,-4312,-1132,16728,49,46,262
379964568,-4328,96,16472,-29,214,82
379967827,-2572,484,16168,-319,83,-395
379971248,-2800,1228,15400,-64,-106,-52
379974805,-2820,1888,15520,-33,-57,-116
379978362,-3020,1036,15740,115,-222,142
379981918,-3952,396,15868,-17,198,93
379985215,-3036,-1304,16728,-223,308,-324
379988945,-2996,1308,15772,-114,231,39
379992440,-2592,368,16096,-300,413,-321
379995972,-2932,1076,15264,-107,81,-256
379999529,-3308,2492,15472,45,77,273
380002825,-4136,-1988,16804,-97,12,-177
380006382,-3900,784,15832,35,61,44
380009505,-2976,-360,16124,-184,-34,-368
380013148,-2328,1260,15556,-180,59,-275
380016728,-3072,1828,15500,-87,124,114
380020210,-3244,408,15548,-26,207,35
380023472,-4028,668,16328,22,245,150
380026768,-2660,-232,16040,-290,409,-136
380030412,-3224,588,15732,-100,189,-212
380033968,-2972,2384,15644,-268,125,-341
380037612,-3476,724,15392,154,-165,191
380041106,-2952,1892,15176,77,-49,70
380044378,-3556,-1320,16504,-84,-77,-141
380048022,-3804,312,16064,-106,312,-76
380051492,-2432,484,16044,-133,-45,-253
380055049,-2792,1380,15652,-244,297,-114
380058692,-2784,2140,15628,-210,308,-209
380062336,-3296,320,15492,7,52,126
380065561,-4268,688,16216,45,273,105
380068755,-2476,92,16184,-183,99,-316
380072138,-2916,1336,15460,-55,2,-78
380075435,-2884,1724,15376,-17,-150,-55
380078992,-2992,828,15780,102,-159,113
380082462,-3904,340,15832,-136,304,55
380085845,-2772,-1092,16488,-191,166,-320
380089575,-3028,1088,15808,-59,268,58
380092983,-2364,932,16100,-384,332,-335
380096515,-3132,640,15576,-25,27,-162
380099898,-3344,2324,15568,-44,126,240
380103368,-4072,-1916,16776,-49,-4,-142
380106925,-4068,312,16060,3,139,-7
380110048,-2952,144,16176,-156,-150,-350
380113692,-2972,1096,15536,-113,72,-212
380117272,-2996,2000,15656,-116,7,119
380120670,-3372,-1336,16788,-10,234,77
380124101,-4036,556,16356,-89,283,84
380127398,-2312,220,15984,-358,322,-390
380130955,-3140,740,15448,-59,248,-206
380134425,-3072,2452,15716,-249,16,-294
380137982,-3400,400,15632,169,-82,204
380141389,-4160,608,16020,49,-44,82
380144575,-3040,-672,16484,-56,-54,-168
380148131,-2336,1156,15580,-255,212,-333
380151775,-2628,960,15920,-118,-29,-192
380155331,-3056,492,15360,-167,279,-97
380158802,-2716,2252,15280,-40,73,150
380162185,-3812,-1572,16836,-168,377,-109
380165963,-4052,588,16172,-75,261,-8
380169212,-2660,296,16028,-245,55,-332
380172681,-2764,1456,15540,-61,14,-84
380176065,-3232,1816,15180,46,-201,23
380179448,-3672,-1188,16404,168,-113,148
380183091,-3932,104,15872,-130,263,-32
380186561,-2544,-1124,16516,-213,182,-396
380190316,-2848,1308,15580,-124,367,58
380193762,-2532,492,16260,-293,308,-350
380197319,-3188,1092,15272,-65,105,-169
380200875,-3564,2104,15472,71,21,361
380204172,-4012,-1980,16956,94,-38,75
380207555,-3788,856,15936,-70,79,-19
380210851,-2856,-4,16296,-164,-51,-337
380214321,-3020,1264,15688,-109,99,-203
380217901,-3240,1580,15468,-37,21,217
380221296,-2980,-1168,16676,-54,349,33
380224732,-4260,408,16228,-86,231,88
380228028,-2452,444,15900,-315,444,-349
380231585,-2912,984,15360,-77,96,-253
380234968,-3164,2488,15636,15,52,232
380238265,-3576,156,15692,90,-49,192
380241586,-3948,604,15860,-4,41,9
380244597,-2828,-228,16152,-163,-33,-336
380248241,-2380,1204,15420,-194,106,-260
380251884,-2968,1908,15588,-3,58,166
380255181,-3416,-1324,16712,-19,222,94
380258651,-3960,852,16000,11,243,152
380261947,-2704,-212,16228,-230,365,-126
380265639,-3128,564,15736,-127,203,-217
380269147,-3068,2292,15548,-209,96,-344
380272704,-3292,708,15692,136,-199,199
380276174,-3212,1632,15408,86,-62,44
380279471,-3572,-1080,16348,-79,-79,-138
380283114,-3864,-80,15884,-154,240,-83
380286584,-2420,884,16032,-160,38,-262
380290058,-2920,812,15532,-214,256,-90
380293549,-2504,2508,15448,-54,231,30
380296908,-4260,-1376,16892,58,21,272
380300291,-4332,136,16248,-26,301,27
380303587,-2524,396,16060,-275,29,-389
380307057,-2704,1300,15592,-56,-105,-98
380310614,-3120,1760,15480,-37,-59,-48
380314084,-3100,768,15828,130,-214,140
380317577,-4000,348,15828,-96,287,66
380320854,-2364,-16,16172,-192,181,-351
380324442,-2804,1308,15716,-256,403,-127
380328051,-2620,580,15804,-311,379,-293
380331608,-3040,776,15432,88,-18,134
380334904,-4096,1140,15900,-11,129,257
380338374,-4068,-2044,16836,-60,-25,-176
380342042,-3956,620,16020,-32,133,-34
380345401,-2980,-80,16192,-133,-122,-352
380349044,-2112,1400,15368,-139,75,-249
380352601,-3096,1940,15340,-89,45,125
380355984,-3224,84,15640,11,206,59
380359107,-4144,604,15988,-68,319,124
380362491,-2568,140,16032,-344,326,-383
380366096,-2860,816,15756,-57,197,-221
380369517,-3188,2340,15584,-62,-16,143
380372987,-3356,608,15544,162,-145,207
380376457,-3920,604,15908,-7,31,6
380379494,-2900,-164,16260,-141,-34,-355
380383137,-2356,956,15308,-237,177,-279
380386694,-3080,1904,15740,-141,-23,-217
380390362,-3072,652,15264,-61,326,69
380393634,-4032,872,16192,22,71,171
380396844,-4140,-1540,16960,-226,456,-119
380400574,-3120,760,15672,-76,215,-10
380403957,-2644,208,16024,-218,76,-337
380407427,-3208,1012,15496,-104,33,-132
380410984,-3244,1740,15308,59,-181,66
380414367,-3536,-1160,16500,-84,38,-143
380417947,-3988,72,16020,-90,163,16
380421134,-2292,472,16112,-190,127,-338
380424725,-2684,1544,15512,-260,252,-97
380428247,-2608,1996,15616,-11,203,84
380431630,-3272,528,15676,19,85,155
380434840,-4064,888,16020,-4,201,131
380438137,-2740,-360,16244,-320,105,-453
380441805,-2836,1316,15512,-109,-53,-153
380445423,-3004,1800,15620,-109,-35,-276
380449067,-3208,804,15712,107,-184,124
380452537,-3272,1924,15228,6,26,249
380455747,-2920,-1212,16764,-225,254,-364
380459477,-2920,1064,15556,-117,235,47
380462947,-2556,496,16032,-301,428,-345
380466552,-2944,1000,15640,-68,32,-226
380469974,-3336,2504,15696,4,96,216
380473183,-4176,-1888,16928,-51,-13,-160
380476827,-4068,444,15928,-24,128,-42
380480210,-2852,36,16264,-112,42,-271
380483594,-2108,1444,15260,-190,73,-269
380487150,-2988,2000,15476,-61,68,-130
380490645,-3108,244,15648,-31,203,104
380494004,-4100,716,16148,-14,312,122
380497387,-3676,-1396,16916,-307,366,-182
380501117,-2988,900,15704,-78,199,-31
380504500,-2588,732,15864,-223,138,-327
380508057,-3212,624,15500,139,-191,147
380511527,-3140,1816,15416,72,-48,80
380514827,-3532,-1212,16380,-85,-81,-156
380518490,-3640,76,15884,-133,287,-112
380521937,-2644,708,16044,-165,15,-232
380525442,-2444,1412,15428,-203,240,-125
380529051,-2660,2168,15392,-178,350,-167
380532694,-3476,-40,15780,2,63,174
380535817,-4104,668,16256,14,269,77
380539027,-2680,72,16164,-182,78,-307
380542435,-2904,1456,15468,-44,-52,-117
380545967,-3048,1804,15412,-132,-39,-268
380549610,-3360,584,15856,116,-152,123
380553080,-3780,216,15912,-13,155,200
380556464,-2684,-1052,16576,-224,162,-368
380560194,-4060,516,16196,-138,367,-25
380563664,-2496,816,16032,-278,271,-268
380567281,-2776,1184,15560,-59,74,-167
380570691,-3616,2320,15420,-9,81,282
380573987,-3852,-1836,16996,137,-140,173
380577630,-4132,340,16040,-68,180,-88
380581014,-2680,440,16244,-155,-58,-310
380584571,-2024,1508,15296,-53,67,-159
380588041,-3144,1236,15924,-153,45,-77
380591535,-3408,36,15788,56,201,110
380594720,-4216,248,16272,-141,294,11
380598104,-3412,-1164,16584,-328,352,-294
380601834,-2800,892,15520,-72,313,-74
380605217,-2736,1240,16068,-181,-16,-210
380608861,-3424,240,15504,70,-134,23
380612157,-3216,1512,15456,49,-77,94
380615477,-3472,-1196,16544,-85,-27,-228
380619097,-3488,180,15776,-191,355,-151
380622654,-2648,840,16020,-115,0,-179
380626072,-2612,1620,15380,-160,260,-78
380629594,-2812,2168,15340,13,118,210
380632977,-3912,-452,16000,44,132,175
380636360,-4140,368,15988,-101,281,-18
380639834,-2552,724,15876,-222,46,-387
380643325,-2816,1560,15264,-28,-27,-43
380646770,-3028,1816,15272,-110,-148,-234
380650501,-3508,228,15900,177,-95,186
380653884,-3280,1160,15456,-87,149,159
380657354,-2404,-692,16428,-182,133,-374
380660997,-3848,408,16268,-222,428,-75
380664467,-2388,1328,15824,-214,224,-198
380668159,-2828,1204,15272,-1,98,-61
380671407,-3500,2216,15404,32,25,288
380674704,-3912,-1904,16896,130,-25,136
380678261,-3776,568,15836,-122,110,-156
380681817,-3116,-872,16284,-124,-60,-346
380685461,-2140,1624,15444,-265,360,-322
380689104,-2888,1584,15908,-96,-42,22
380692512,-3548,-712,16140,-33,204,34
380695871,-3452,1500,15448,24,109,180
380699254,-3140,-1032,16540,-318,430,-328
380702984,-3564,572,15892,-165,294,-174
380706541,-2704,1560,15804,-231,46,-443
380710098,-3024,1424,15360,52,-39,97
380713394,-3672,1156,15448,-28,-166,-58
380716974,-3592,-564,16352,66,-29,61
380720248,-3324,172,15748,-219,234,-255
380723804,-2196,-188,15976,-161,69,-385
380727396,-2544,1680,15288,-292,413,-155
380731005,-2632,1920,15856,-92,171,-51
380734475,-3952,-808,16524,40,65,73
380737684,-3768,1584,15500,-17,142,213
380741179,-3272,-1328,16492,-200,168,-411
380744885,-3276,700,15664,-174,54,-186
380748355,-2988,1316,15784,-144,-68,-316
380751998,-2692,1408,15552,31,-61,10
380755294,-3644,1092,15352,-44,-43,167
380758765,-3472,-1380,16752,-122,378,-159
380762495,-3876,948,15644,-28,236,129
380765926,-2668,-448,16272,-326,418,-369
380769522,-3072,596,15780,-159,249,-254
380773078,-3064,2272,15644,-33,-53,93
380776462,-3192,828,15572,122,-42,176
380779845,-4024,860,15648,27,-25,66
380783055,-2904,-736,16228,-171,56,-365
380786611,-2432,948,15188,-260,177,-338
380790171,-3204,1772,15684,-118,-23,-236
380793836,-2976,944,15524,-62,224,101
380797195,-3832,1140,15696,-57,77,89
380800491,-4052,-1320,17000,-132,372,21
380804048,-3388,296,15836,-43,206,69
380807345,-2756,-120,16208,-256,64,-437
380810901,-3040,1096,15480,85,-191,144
380814371,-2928,1832,15524,32,-156,-27
380817864,-3716,-1032,16480,4,-23,-9
380821138,-2844,420,15464,-103,179,32
380824521,-2380,228,16056,-209,179,-367
380828113,-2748,1304,15580,-268,287,-166
380831721,-2640,2040,15496,-86,263,83
380835105,-4112,-1000,16528,8,4,79
380838228,-4044,1176,15836,6,189,226
380841548,-3060,-748,16392,-302,90,-479
380845081,-2736,1568,15332,-131,-26,-207
380848724,-2904,1524,15688,-5,-59,-60
380852108,-3792,-644,16416,107,-226,84
380855578,-3704,764,15744,-46,208,126
380858961,-2272,-368,16040,-186,308,-252
380862604,-3116,912,15816,-260,349,-148
380866209,-2472,216,15928,-325,397,-346
380869718,-2948,1040,15276,3,-2,50
380872841,-3796,1664,15708,6,61,177
380876050,-3344,-1416,16772,7,-17,-57
380879434,-3312,752,15584,-133,163,-161
380882991,-2780,1216,15764,-203,-66,-391
380886634,-2496,1468,15724,88,-130,71
380890032,-2988,1816,15504,-109,76,96
380893430,-3556,-1072,16428,-66,263,-141
380897044,-3948,1104,15956,44,268,190
380900427,-2784,-676,16184,-380,344,-376
380904071,-3268,312,15872,-143,246,-268
380907628,-2824,2424,15560,-66,-10,110
380911098,-3276,588,15468,140,-191,152
380914568,-3864,1268,15512,27,0,83
380917714,-3080,-1056,16280,-37,-97,-72
380921247,-2484,868,15420,-255,336,-357
380924804,-3016,1652,15892,-171,-45,-338
380928483,-2908,1120,15308,-28,214,99
380931831,-3484,1344,15464,-93,169,42
380935214,-4128,-1168,16848,-42,268,45
380938684,-3684,168,16200,-40,314,167
380942092,-2748,-424,16060,-295,29,-442
380945624,-3016,1148,15388,-74,67,-123
380949094,-2964,1576,15684,-44,-158,-107
380952738,-3752,-752,16584,156,-195,152
380956294,-3836,508,15884,-121,230,51
380959678,-2316,-80,16120,-157,194,-278
380963234,-2844,1076,15716,-327,447,-142
380966927,-2624,316,15808,-311,243,-327
380970435,-2956,1096,15316,44,68,78
380973644,-3932,1540,15592,-42,16,201
380977028,-4244,-1876,16776,28,51,-93
380980411,-3264,996,15684,-155,-2,-151
380983881,-2848,-336,16368,-160,-59,-339
380987524,-2640,1432,15328,-192,183,-302
380991192,-3152,1788,15708,-78,-6,110
380994551,-3492,-1156,16496,15,232,103
380998021,-4008,768,15956,-60,172,90
381001318,-2576,-164,16152,-306,375,-356
381004961,-3124,560,15924,-198,252,-240
381008518,-3160,2448,15884,-229,-6,-364
381012075,-3196,692,15404,113,-87,192
381015481,-4008,1000,15576,33,-170,13
381018841,-3720,-1160,16616,3,38,-77
381022138,-2612,556,15472,-265,170,-336
381025694,-2448,676,16016,-154,46,-297
381029199,-3000,920,15404,-64,181,107
381032548,-2764,2036,15452,-67,147,52
381035931,-4048,-1184,16744,-88,348,69
381039401,-3556,168,15972,-13,194,135
381042809,-2648,-240,16268,-282,183,-449
381046427,-3084,1064,15368,-140,-40,-135
381050071,-3004,1612,15608,31,-123,-27
381053541,-3060,1060,15668,76,-130,133
381057011,-3976,308,15884,-17,150,91
381060308,-2176,116,15996,-230,362,-344
381063864,-3124,1032,15876,-231,278,-87
381067524,-2620,-272,16044,-278,396,-388
381071064,-2732,1688,15240,20,-58,128
381074448,-3392,2452,15704,80,-40,343
381077831,-4052,-1968,16844,-124,144,-247
381081561,-3976,1120,15800,33,-17,58
381084858,-3008,-700,16496,-185,75,-381
381088415,-2320,1512,15384,-225,110,-362
381092083,-3112,1644,15460,-24,90,174
381095441,-3196,428,15732,-65,260,42
381098738,-4088,772,16080,16,178,194
381102034,-2476,-200,15784,-403,435,-456
381105678,-3284,804,15636,-101,105,-248
381109235,-3008,2308,15936,-228,91,-334
381112791,-3280,712,15424,103,-165,144
381116285,-3056,1924,15144,81,-152,22
381119645,-3616,-1244,16660,-89,-6,-109
381123201,-2532,992,15416,-152,237,-82
381126671,-2444,460,15776,-103,91,-253
381130180,-2872,1048,15316,-267,236,-126
381133785,-2636,2016,15324,-10,215,96
381137168,-3952,-1336,16772,46,49,138
381140576,-4064,772,16084,2,201,146
381143761,-2768,-188,16160,-291,94,-433
381147318,-2812,1244,15400,-111,-53,-126
381150961,-3052,1760,15544,-96,-3,-287
381154431,-3124,884,15772,123,-177,127
381157901,-3844,528,15780,-23,33,222
381161198,-3176,-1312,16704,-178,221,-307
381164931,-2868,984,15736,-124,281,58
381168360,-2536,504,15948,-291,366,-353
381171868,-3076,860,15316,-125,26,-185
381175338,-3344,2372,15640,6,92,232
381178548,-4120,-1952,16692,-36,-29,-131
381182191,-3972,544,15968,17,61,0
381185228,-2828,-152,16340,-181,-57,-339
381188871,-2764,1392,15552,-194,71,-304
381192452,-2964,1912,15524,-55,128,156
381195898,-3388,-1224,16768,-16,195,65
381199368,-4048,772,15968,14,220,146
381202664,-2464,-116,16076,-351,351,-391
381206308,-3324,700,15656,-77,144,-216
381209778,-2960,2236,15924,-239,121,-332
381213421,-3248,872,15236,131,-186,164
381216915,-4108,644,15648,123,-100,82
381220275,-3584,-1172,16492,-75,-45,-142
381223918,-3976,64,15892,-126,255,-62
381227301,-2480,544,15908,-174,39,-277
381230806,-2920,1040,15092,-256,237,-147
381234415,-2792,2132,15256,-39,237,95
381237798,-3988,-1324,16964,64,-2,145
381241206,-3996,708,16032,-8,319,91
381244391,-2912,-80,16340,-266,-27,-412
381247948,-2772,1084,15628,-110,20,-157
381251504,-2976,1968,15348,18,-122,-4
381254888,-3160,744,15676,147,-229,180
381258358,-3912,376,15748,-139,307,68
381261741,-2376,20,16072,-191,180,-344
381265259,-2792,1144,15804,-268,407,-144
381268855,-2700,396,15816,-345,370,-340
381272411,-3068,980,15312,84,-81,107
381275708,-3820,1364,15636,-51,138,191
381279178,-4176,-1732,16640,-9,-24,-91
381282648,-3248,932,15728,21,107,-9
381285858,-2884,-232,16416,-171,-94,-356
381289501,-2716,1376,15544,-202,166,-306
381293169,-2988,2104,15528,-31,-3,196
381296528,-3328,-1496,16772,-20,170,65
381299998,-3940,988,16008,-30,313,122
381303381,-2624,-296,15968,-332,328,-372
381307025,-3148,680,15752,-113,243,-252
381310581,-3244,2320,15816,-249,18,-313
381314138,-3292,484,15512,147,-125,195
381317631,-3128,1972,15256,34,-27,42
381320905,-3560,-1244,16652,-52,-105,-117
381324635,-3692,140,15720,-146,400,-82
381328105,-2460,708,15828,-123,-92,-232
381331696,-2456,1364,15536,-273,364,-162
381335305,-2672,2312,15352,-227,272,-213
381338949,-3432,24,15576,-8,119,156
381342183,-4032,848,16112,-34,252,95
381345455,-2828,-152,16308,-111,27,-236
381349012,-2992,1216,15436,-126,79,-142
381352568,-2828,448,16236,-173,-100,-313
381356212,-3164,792,15928,187,-165,187
381359682,-3152,1648,15400,-91,103,170
381363152,-2928,-1040,16624,-145,186,-283
381366930,-4404,336,16404,-114,396,47
381370265,-2396,768,15844,-368,365,-342
381373822,-3020,916,15672,-24,122,-158
381377292,-3280,2428,15752,-228,59,-149
381380849,-3496,-40,15692,157,-87,182
381384232,-4088,460,15972,104,-35,140
381387615,-3416,-1332,16464,-112,-60,-286
381391370,-3452,248,15956,-183,317,-183
381394902,-2888,1044,15808,-95,2,-155
381398286,-3160,316,15752,-145,204,-50
381401756,-2900,2104,15372,-25,187,183
381405226,-3748,-1516,16892,43,130,244
381408695,-4264,-156,16248,-133,376,-86
381412252,-2524,1488,15976,-301,85,-464
381415832,-2864,1288,15388,61,-81,28
381419106,-3028,2008,15316,-158,-51,-291
381422749,-3516,172,16040,186,-172,184
381426219,-3740,-68,15816,-25,181,178
381429602,-2616,-700,16412,-247,111,-431
381433281,-3864,612,16216,-179,417,-65
381436716,-2636,1212,15960,-221,229,-195
381440384,-2848,1240,15588,-6,34,-78
381443656,-3436,2252,15424,-31,93,253
381447039,-3968,-2012,16936,143,-86,143
381450596,-3732,560,16024,-127,141,-113
381454153,-3012,-952,16348,-172,-60,-331
381457796,-2244,1724,15328,-46,21,-145
381461266,-2920,1544,16048,-116,10,16
381464653,-3624,-572,16148,-24,309,3
381467994,-4072,652,16104,15,165,190
381471242,-3184,-1268,16672,-327,383,-308
381474973,-2932,1224,15572,-121,305,-170
381478616,-2812,1600,16104,-133,-39,-110
381482260,-2900,1244,15468,55,-119,72
381485643,-3540,1612,15304,90,-106,136
381489113,-3912,-924,16424,83,-95,96
381492434,-3312,252,15804,-279,329,-260
381495966,-2896,1164,15924,-166,5,-379
381499436,-2540,1508,15372,-164,313,-34
381502993,-2648,1780,15820,-137,144,-82
381506550,-3916,-592,16244,23,234,195
381509933,-4028,200,16180,5,172,274
381513143,-3536,-1400,16744,-226,112,-452
381516896,-2820,1392,15572,-142,110,-144
381520516,-2832,1148,15820,-92,-140,-187
381524160,-2608,1660,15332,49,-56,32
381527456,-3492,1156,15280,-8,64,166
381530753,-2576,-596,16472,-86,296,-121
381534345,-3684,664,16108,-258,331,-102
381537866,-2676,-416,16168,-348,336,-382
381541534,-2880,1180,15544,-48,81,-66
381544893,-3004,2376,15908,-102,-31,103
381548450,-4056,-1372,16272,97,17,39
381551746,-3780,784,15752,49,41,49
381554869,-3108,-980,16372,-169,-49,-344
381558513,-2236,1788,15340,-74,-63,-162
381562070,-3080,1916,15692,-40,-35,75
381565513,-3604,-1128,16388,-7,194,87
381568836,-3452,1836,15560,-10,127,171
381572306,-3220,-1388,16472,-237,406,-244
381576036,-3508,48,16120,-213,293,-301
381579506,-2672,2084,15572,-298,31,-450
381583063,-3148,876,15588,99,-78,124
381586360,-3444,1664,15300,70,-120,53
381589746,-3940,-696,16348,126,-59,145
381593237,-3160,-28,15648,-284,297,-341
381596770,-2172,140,15828,-194,90,-413
381600240,-2560,1396,15356,-129,157,14
381603709,-2572,1856,15676,-119,192,-53
381607266,-4008,-796,16236,-7,269,156
381610650,-3864,1564,15896,26,98,214
381613946,-3304,-1096,16428,-264,189,-420
381617700,-3288,752,15820,-136,-8,-179
381621146,-2940,1484,15840,-41,-64,-145
381624703,-2492,1420,15504,61,-109,63
381628086,-3568,1224,15344,-70,115,150
381631556,-3304,-1128,16580,-109,379,-126
381635322,-3708,624,16108,10,141,175
381638583,-2588,-344,16144,-326,466,-395
381642251,-2848,1232,15288,-142,209,-249
381645870,-2948,2336,15900,-33,-2,80
381649166,-4040,-1404,16248,13,25,29
381652463,-3660,588,15756,55,-58,78
381655673,-3036,-872,16336,-194,82,-343
381659230,-2288,1688,15396,-259,158,-317
381662873,-3064,1580,15944,-95,64,19
381666218,-3476,-700,16280,-74,252,53
381669553,-3540,1248,15912,59,111,184
381672936,-2836,-816,16088,-370,472,-373
381676580,-3484,284,15972,-112,195,-209
381680136,-2792,1996,15848,-270,145,-482
381683780,-3092,1308,15328,80,-219,130
381687250,-3472,1316,15292,-7,-129,-61
381690744,-3848,-864,16432,41,-101,75
381694103,-3076,208,15724,-102,172,70
381697486,-2380,48,15972,-175,86,-358
381700870,-2532,1360,15336,-139,175,-32
381704426,-2520,1792,15704,-116,225,-110
381708070,-4052,-460,16228,9,2,108
381711193,-3840,-244,16312,51,145,265
381714576,-3148,-768,16476,-328,144,-475
381718243,-3156,1140,15492,-84,-29,-83
381721689,-2964,1240,15968,-121,-27,-200
381725333,-2484,1780,15232,57,-178,20
381728716,-3708,792,15396,-17,174,129
381732100,-2248,-384,15956,-162,345,-211
381735778,-3456,528,16000,-210,322,-88
381739213,-2688,-256,16032,-379,487,-443
381742881,-2868,1172,15304,42,-96,42
381746153,-2964,2240,15892,-54,51,108
381749536,-3916,-1184,16348,36,-60,28
381752920,-3708,444,15672,104,1,110
381756129,-2928,-740,16540,-232,-7,-389
381759686,-2388,1740,15360,71,-133,-22
381763156,-3192,1480,15844,-115,99,52
381766588,-3352,-744,16348,-15,230,-43
381770009,-4036,304,16328,66,189,237
381773306,-2676,-720,16224,-389,402,-392
381776949,-2912,1000,15352,-71,190,-177
381780506,-2716,1844,16020,-171,85,-43
381783976,-3756,-576,15832,72,-204,140
381787446,-3632,1208,15428,62,34,128
381790767,-3052,-952,16348,-14,-77,-47
381794212,-3084,540,15524,-200,334,-259
381797769,-3040,1396,15896,-214,59,-391
381801326,-2748,1376,15276,-79,203,47
381804709,-3340,1556,15488,-77,243,8
381808006,-4004,-1048,16560,-76,247,72
381811476,-3700,384,15904,-83,281,-112
381814949,-3076,-848,16492,-270,87,-457
381818526,-3076,1568,15460,69,-112,75
381821886,-3340,1484,15436,-50,-130,-81
381825443,-3732,-592,16388,103,-56,78
381828826,-3324,240,15736,-98,231,110
381832209,-2172,-340,15848,-194,63,-407
381835804,-2540,1556,15428,-264,437,-147
381839409,-2500,1716,15764,-137,182,-87
381842991,-2868,1056,15144,39,36,5
381846089,-3916,1700,15880,17,143,288
381849472,-3500,-1516,16816,-232,142,-414
381853203,-3048,844,15560,-171,110,-206
381856759,-2928,1140,15856,-137,-120,-346
381860490,-2720,1452,15488,20,-40,24
381863786,-3208,1816,15360,-65,-1,97
381867131,-3532,-1288,16664,-75,357,-97
381870639,-3632,736,16084,-58,247,65
381873936,-2708,-112,16108,-328,325,-335
381877579,-2928,1008,15444,-120,243,-228
381881223,-3184,2360,15788,-66,-48,98
381884606,-3952,-1488,16340,164,-126,229
381888250,-4076,648,15828,21,-39,21
381891484,-2896,-628,16328,-71,-13,-160
381895016,-2396,856,15368,-249,195,-315
381898573,-3128,1876,15620,-185,-3,-276
381902130,-2888,884,15244,-14,250,72
381905426,-3836,1048,15840,-18,106,119
381908896,-4148,-1480,16916,-142,373,-14
381912540,-3216,552,15916,-62,219,54
381915859,-2804,48,16096,-229,75,-373
381919219,-3032,1000,15516,87,-174,125
381922689,-3064,1960,15512,43,-176,72
381926073,-3672,-1192,16564,-65,44,-109
381929629,-3900,252,15920,-108,157,24
381933013,-2268,292,15796,-170,144,-333
381936604,-2848,1184,15588,-274,311,-193
381940237,-2592,2264,15332,-253,268,-287
381943856,-3396,480,15440,65,90,142
381947066,-4048,1012,16124,-24,180,138
381950536,-3976,-1892,16740,-76,119,-212
381954180,-2888,1320,15452,-159,-73,-182
381957823,-2884,312,16116,-140,-102,-313
381961467,-2152,1556,15316,-79,73,-172
381964940,-3180,1868,15508,-42,10,192
381968369,-3024,-1336,16660,5,304,85
381971616,-4296,448,16344,-134,248,53
381974999,-2372,496,16076,-275,362,-355
381978556,-2880,1172,15532,-128,135,-237
381982200,-3248,2500,15612,-177,2,-167
381985670,-3580,-156,15688,106,-44,213
381989140,-4080,516,15948,79,-135,115
381992548,-3320,-1312,16556,-104,32,-272
381996167,-1908,1500,15340,-259,366,-248
381999810,-2840,1188,15796,-78,-6,-101
382003280,-2500,1512,15320,-170,286,-36
382006837,-2948,2032,15416,21,100,197
382010220,-3596,-1508,16792,37,249,140
382013690,-3976,280,16292,-87,191,-36
382017097,-2544,1104,16000,-245,101,-404
382020717,-2756,1592,15492,3,-100,-25
382024100,-3256,1572,15276,-51,-162,-160
382027744,-3592,-96,16164,74,-22,113
382031040,-3732,68,15880,-6,19,165
382034163,-2360,-556,16236,-237,225,-402
382037842,-2660,1420,15572,-200,243,-105
382041475,-2536,1548,15964,-176,242,-152
382045094,-3736,-184,15832,23,68,-34
382048390,-3876,1932,15732,14,77,257
382051687,-3584,-1764,16900,-179,136,-370
382055417,-3572,564,15752,-172,55,-208
382058887,-2812,1028,16068,-158,-75,-368
382062530,-2412,1688,15476,-23,-73,-21
382066103,-3120,1740,15888,-112,25,33
382069384,-3580,-916,16312,-19,352,-21
382072853,-3944,396,16260,32,184,208
382076150,-2860,-716,16228,-336,431,-403
382079794,-2748,1300,15440,-154,296,-255
382083437,-2860,2092,15696,-67,-21,45
382086820,-3980,-972,16264,106,-71,128
382090315,-3824,1144,15476,59,-66,106
382093674,-3044,-1112,16620,-159,52,-354
382097317,-2864,584,15620,-276,250,-279
382100874,-3144,1468,15856,-139,-3,-325
382104431,-2912,1332,15168,-102,231,12
382107901,-2536,2084,15488,-59,107,46
382111284,-4276,-1196,16620,-93,326,94
382114757,-3524,244,15940,-29,165,147
382118160,-2888,-660,16240,-264,159,-480
382121780,-2784,1508,15460,-151,21,-154
382125337,-2984,1564,15636,31,-159,-32
382128807,-3844,-736,16268,72,-102,104
382132277,-3864,652,15784,-2,110,125
382135574,-2392,-260,16196,-159,333,-262
382139256,-2860,1116,15756,-303,287,-170
382142885,-2568,204,16044,-258,335,-308
382146418,-3004,988,15296,16,-50,79
382149627,-4068,1304,15808,-33,17,211
382153011,-4108,-1832,16640,-34,61,-84
382156481,-3248,872,15796,-8,31,7
382159517,-2732,1580,15776,-182,28,-380
382163074,-2824,1320,15588,94,-227,58
382166505,-3552,1040,15492,-48,85,115
382169840,-3268,-1104,16660,-120,241,-160
382173570,-3508,664,16100,-5,194,150
382176867,-2488,16,15828,-366,429,-411
382180337,-2928,1252,15448,47,-65,59
382183633,-3272,2252,15756,-38,79,133
382187017,-4040,-1468,16460,60,-91,-18
382190511,-3368,568,15864,47,35,101
382193696,-2888,-676,16304,-203,-34,-375
382197340,-2584,1600,15348,-198,154,-315
382200983,-3076,1672,15852,-98,79,118
382204367,-3420,-968,16356,-60,169,40
382207750,-4060,932,15748,39,250,186
382211046,-2772,-460,16304,-370,361,-419
382214693,-3256,512,15780,-93,226,-210
382218183,-2824,2132,15728,-120,-26,-3
382221630,-3168,1084,15324,151,-190,178
382225186,-3848,976,15492,39,-11,74
382228396,-3008,-804,16300,-35,-51,-102
382231953,-2736,680,15620,-242,292,-273
382235510,-2300,336,15948,-217,4,-333
382238896,-2636,1164,15160,-75,302,35
382242319,-3292,1636,15472,-111,156,-55
382245833,-4308,-1020,16480,-24,243,198
382249390,-3408,116,15988,-64,271,78
382252686,-2828,36,16168,-260,54,-436
382256070,-3120,820,15644,72,-124,120
382259453,-2964,1696,15568,-62,-146,-98
382263010,-3812,-900,16500,99,29,69
382266268,-3060,184,15776,-53,141,77
382269516,-2348,20,15964,-220,174,-425
382272986,-2648,1348,15220,-79,104,23
382276369,-2560,1928,15848,-89,241,-24
382279839,-4024,-792,16396,-61,190,112
382283309,-4164,1128,15820,20,161,197
382286692,-3060,-860,16416,-287,168,-482
382290360,-3136,932,15520,-139,-35,-174
382293893,-2784,1576,15824,-1,-68,-99
382297276,-2752,1260,15356,76,-168,103
382300746,-3720,844,15704,-41,204,139
382304129,-2292,-448,16352,-148,314,-181
382307772,-3320,724,16056,-307,338,-165
382311329,-2392,236,15936,-350,457,-375
382314890,-3032,1108,15212,49,-104,46
382318294,-3216,2472,15556,3,49,197
382321479,-4244,-1580,16536,7,-34,-63
382324862,-3284,648,15696,-107,124,-180
382328419,-2856,-588,16356,-204,-21,-377
382332063,-2516,1600,15492,-210,114,-320
382335706,-3060,1716,15708,-83,121,120
382339176,-3064,764,15420,-52,152,76
382342514,-4168,848,16144,74,261,218
382345769,-2520,-308,16280,-381,331,-417
382349413,-3196,548,15544,-100,234,-224
382352969,-2964,2268,15924,-277,123,-372
382356613,-3116,832,15272,144,-215,172
382360083,-3080,1684,15396,37,-47,55
382363379,-3752,-1168,16528,-32,-139,-84
382367071,-3828,8,15876,-91,331,-20
382370233,-2380,484,15936,-167,7,-309
382373616,-2892,1028,15392,-49,220,62
382376999,-2652,2072,15628,-85,220,23
382380382,-4076,-1212,16716,-62,229,59
382383852,-3540,336,15872,-34,307,151
382387235,-2888,-380,16424,-280,44,-477
382390817,-2832,1276,15424,-87,52,-152
382394262,-2956,1712,15724,-4,-179,-50
382397732,-3804,-972,16472,136,-158,154
382401289,-3844,504,15748,-86,196,85
382404586,-2272,-196,16196,-189,105,-387
382408229,-3016,1044,15860,-299,418,-165
382411873,-2508,516,15932,-303,300,-309
382415454,-3032,852,15284,49,86,64
382418552,-3884,1452,15804,-46,155,204
382422022,-4188,-1704,16616,12,13,-87
382425405,-3180,1024,15572,-165,69,-174
382428962,-2788,-164,16224,-155,-140,-329
382432693,-2584,1340,15428,-151,217,-245
382436336,-3116,1952,15832,-73,-17,123
382439810,-3172,460,15520,0,228,107
382443058,-4072,592,16088,-42,223,130
382446399,-2536,-132,16024,-343,396,-353
382450042,-2932,676,15724,-124,248,-234
382453599,-3280,2296,15632,-230,-22,-322
382457243,-3332,632,15472,148,-54,193
382460626,-3864,956,15744,42,-129,56
382463923,-3676,-1224,16424,-54,-18,-124
382467615,-2500,796,15220,-150,319,-92
382471036,-2420,812,15992,-156,-19,-268
382474593,-3028,744,15252,-201,368,-77
382478063,-2700,2136,15456,-30,100,105
382481533,-4096,-1384,16876,70,69,196
382484916,-3996,628,16208,-79,209,64
382488212,-2788,28,16028,-247,89,-429
382491625,-2780,1380,15448,-133,16,-126
382495152,-2980,1732,15404,44,-160,-14
382498623,-3108,784,15692,110,-70,133
382502006,-3944,352,15816,-92,200,40
382505302,-2176,332,16016,-177,291,-345
382508859,-2988,1260,15732,-266,268,-148
382512503,-2628,2076,15764,-282,329,-310
382516170,-3176,812,15160,10,29,103
382519356,-3996,1004,16064,2,-3,266
382522565,-4084,-1948,16748,-73,161,-143
382526209,-3016,1152,15548,-109,-26,-198
382529853,-2796,308,16144,-104,-6,-294
382533323,-3064,1144,15644,-153,61,-240
382536879,-3228,1920,15596,-32,41,194
382540286,-3188,-1432,16736,-56,342,75
382543767,-4216,976,16160,-9,155,168
382547029,-2592,-424,16100,-328,470,-418
382550672,-2952,832,15732,-209,105,-356
382554229,-3136,2600,15552,-141,-12,-160
382557873,-3648,-444,15792,94,-112,124
382561343,-4108,1004,15764,57,-107,56
382564729,-3556,-1372,16592,-96,34,-145
382568343,-3672,-36,15816,-207,271,-196
382571840,-2588,968,15888,-77,41,-159
382575223,-3220,212,15408,-164,220,-57
382578693,-2688,2096,15412,3,146,129
382581989,-3724,-1404,16716,-219,332,-121
382585720,-4144,300,16184,-19,209,31
382589016,-2504,700,15880,-218,209,-414
382592597,-2600,1584,15276,-25,-148,-73
382596130,-3164,1700,15384,-48,-70,-185
382599686,-3468,216,16064,101,-154,143
382603156,-3836,120,15828,-14,90,211
382606453,-2576,-1024,16352,-260,226,-398
382610183,-2584,1488,15492,-201,249,-67
382613740,-2576,1052,16056,-234,377,-222
382617408,-2936,1216,15540,-36,15,-131
382620853,-3464,2228,15648,34,137,259
382624237,-3844,-640,15888,88,-51,131
382627620,-3804,484,15964,-80,80,-132
382631003,-2796,560,16076,-175,81,-318
382634473,-2172,1664,15284,-54,-88,-126
382638030,-3228,1780,15260,-44,103,-10
382641523,-3488,-652,16136,-37,233,41
382644918,-4000,560,16284,51,150,201
382648180,-2964,-996,16492,-371,384,-355
382651823,-2976,1208,15692,-111,196,-179
382655467,-2708,1596,15836,-165,78,-142
382659023,-3656,-180,15568,83,-174,60
382662407,-3668,1316,15396,62,1,151
382665665,-3164,-1132,16636,-161,-53,-333
382669347,-3036,312,15696,-228,369,-275
382672903,-2868,1428,15880,-197,81,-369
382676460,-2700,1308,15316,-97,201,5
382679757,-3248,2120,15688,-129,274,-72
382683313,-4208,-1016,16372,-29,178,172
382686870,-3872,412,16000,34,230,197
382690191,-3304,-1080,16632,-245,19,-429
382693810,-2880,1476,15428,-159,62,-184
382697367,-2868,1524,15828,-47,-127,-105
382701010,-2772,1356,15520,75,-192,49
382704394,-3588,736,15452,-35,216,174
382707777,-2332,-432,16176,-170,258,-226
382711420,-3220,748,15784,-236,397,-139
382714980,-2496,-100,16076,-380,431,-412
382718645,-2920,1080,15348,-107,87,-239
382722177,-3192,2212,15756,-59,93,169
382725561,-4076,-1428,16652,34,-61,-26
382729031,-4024,624,15964,47,42,65
382732153,-2864,-436,16272,-176,-62,-398
382735797,-2100,1184,15324,-205,119,-297
382739441,-3080,1876,15752,-125,79,144
382742934,-3080,580,15592,-23,187,86
382746242,-4112,900,16120,16,269,203
382749504,-2524,-308,16108,-395,385,-443
382753147,-3280,672,15672,-78,227,-235
382756617,-2836,2208,15936,-283,67,-370
382760174,-3268,820,15500,141,-194,201
382763644,-3880,732,15628,53,-50,60
382766902,-3604,-1284,16484,-71,-40,-161
382770497,-2540,956,15276,-135,327,-86
382773967,-2328,552,15904,-130,-80,-272
382777524,-2832,1004,15488,-212,360,-106
382781167,-2608,2052,15600,-69,148,56
382784551,-4008,-1200,16600,42,24,224
382787934,-4320,92,16204,-30,288,50
382791168,-2676,532,16204,-259,2,-396
382794527,-3132,676,15468,-74,54,-88
382797823,-2932,1836,15456,-6,-181,-35
382801293,-3824,-1124,16676,25,34,-15
382804677,-3856,68,15740,-122,173,29
382807973,-2124,400,15924,-141,117,-298
382811530,-2728,1004,15292,-296,331,-131
382815198,-2536,1996,15524,-20,186,51
382818557,-3276,804,15304,34,81,161
382821766,-4172,800,15912,23,155,208
382825063,-2976,-468,16252,-306,157,-461
382828706,-2944,1216,15632,-118,-30,-165
382832350,-2912,1656,15456,-105,-58,-317
382835993,-3072,1080,15708,118,-226,108
382839550,-3112,1844,15576,-63,25,171
382842957,-3080,-1332,16604,-211,315,-319
382846698,-4368,456,16304,-87,232,43
382849960,-2468,376,15984,-285,410,-317
382853517,-3024,1036,15476,-119,91,-208
382857074,-3160,2308,15740,-7,87,175
382860370,-4208,-1648,16756,126,-118,202
382864014,-4148,448,16100,-8,51,-71
382867272,-2672,60,16024,-130,93,-260
382870607,-2184,1424,15384,-177,57,-271
382874163,-3100,1924,15576,-69,44,-143
382877633,-3248,208,15612,-22,187,93
382880930,-4268,608,16188,13,270,126
382884226,-2508,16,16080,-271,432,-189
382887696,-3148,692,15708,-130,140,-204
382891278,-3096,2520,15740,-227,126,-342
382894897,-3384,504,15548,136,-184,191
382898367,-3168,1688,15260,100,-42,46
382901750,-3736,-1204,16720,-44,-91,-140
382905393,-3664,96,15832,-140,295,-125
382908863,-2564,676,15724,-140,29,-255
382912333,-2488,1540,15440,-210,242,-124
382916001,-2572,2116,15368,-152,320,-150
382919620,-3528,176,15664,26,43,190
382922830,-4072,568,16060,5,299,43
382925953,-2712,364,16000,-201,68,-292
382929423,-2748,1348,15484,-57,-35,-158
382932980,-3040,1840,15340,-111,-36,-204
382936623,-3496,360,16004,125,-182,174
382940116,-3876,208,15904,-53,159,166
382943477,-2624,-960,16544,-240,171,-352
382947155,-4080,268,16164,-148,382,-58
382950590,-2512,1172,15896,-270,235,-218
382954234,-2640,1320,15396,-37,43,-138
382957704,-3636,2212,15456,3,100,274
382961000,-3908,-1968,17004,98,-111,108
382964560,-4016,524,15936,-87,165,-100
382968076,-3192,-1076,16620,-178,-30,-348
382971757,-2048,1828,15236,-37,8,-137
382975140,-2916,1420,15664,-125,40,-2
382978524,-3428,-344,16088,-6,263,40
382981820,-4256,224,16492,56,199,218
382985117,-3028,-1272,16616,-372,384,-362
382988847,-2992,1116,15572,-103,285,-127
382992515,-2800,1584,15936,-169,-28,-173
382996134,-2804,1456,15512,82,-153,62
382999517,-3672,1300,15264,61,-112,144
383002987,-3812,-784,16384,52,-101,17
383006370,-3376,184,15616,-261,365,-252
383009927,-2748,1320,16000,-226,40,-407
383013484,-2576,1464,15368,-107,286,-32
383017065,-2624,1960,15792,-130,186,-38
383020597,-3872,-824,16424,-6,218,125
383023980,-3812,1480,15784,-27,219,201
383027451,-3236,-1212,16696,-224,58,-423
383031094,-3156,788,15720,-179,142,-204
383034651,-2800,1416,15748,-188,-94,-368
383038294,-2784,1336,15476,87,-95,89
383041614,-3508,940,15648,-89,69,123
383044887,-3344,-1268,16652,-102,270,-157
383048652,-3420,724,16052,-17,259,118
383052001,-2588,24,15744,-336,349,-406
383055471,-2904,1004,15396,30,64,38
383058681,-3816,1828,15688,-77,-17,116
383062151,-3960,-1416,16400,81,37,-14
383065636,-3356,704,15680,19,48,30
383068657,-2900,1252,15920,-162,-57,-339
383072300,-2544,1592,15460,12,-60,19
383075597,-3676,1144,15508,-41,-60,127
383079067,-3368,-1160,16492,-111,420,-114
383082797,-3992,956,16012,34,110,162
383086094,-2584,-456,16232,-352,454,-402
383089741,-3116,456,15752,-167,211,-254
383093318,-3028,2200,15848,-43,0,96
383096504,-3960,-1192,16196,96,-52,169
383099974,-4052,836,15792,63,-47,94
383103183,-2908,-760,16452,-190,50,-345
383106740,-2624,824,15476,-267,183,-347
383110297,-3064,1584,15896,-35,76,96
383113593,-3360,-816,16400,-112,218,44
383117088,-3744,1184,15852,93,177,218
383120447,-2744,-788,16360,-171,382,-39
383124003,-3280,580,15860,-126,164,-218
383127560,-2920,2008,15896,-252,115,-411
383131204,-3104,1292,15664,63,-200,137
383134674,-2964,1856,15372,61,-113,40
383138057,-3756,-1168,16632,-44,-51,-67
383141637,-3744,316,15728,-67,205,5
383144823,-2336,236,15900,-170,81,-314
383148297,-2744,1372,15372,-311,315,-209
383151976,-2640,2392,15656,-21,198,126
383155407,-4296,-1556,16672,44,5,182
383158703,-4132,1008,16076,66,225,185
383162087,-2872,-576,16272,-295,18,-460
383165692,-2888,1168,15404,-84,-22,-193
383169200,-3020,1768,15608,-124,-45,-249
383172844,-3188,912,15656,94,-161,110
383176227,-3796,532,15548,-24,38,168
383179523,-3072,-1360,16760,-215,253,-285
383183254,-3088,1104,15912,-75,243,67
383186637,-2588,76,16148,-330,406,-395
383190131,-2904,1348,15152,-177,106,-291
383193750,-3324,2572,15456,78,50,277
383197047,-4124,-1916,16860,-135,73,-215
383200690,-4072,764,15732,28,76,23
383203813,-3000,-532,16472,-167,-108,-353
383207544,-1832,1648,15504,-203,124,-331
383211187,-3356,1712,15460,-26,48,-71
383214574,-3148,20,15804,-38,220,39
383217805,-4496,620,16244,-21,312,173
383221163,-2368,184,15992,-327,391,-255
383224720,-3084,780,15436,-55,184,-194
383228190,-3272,2376,15920,-266,87,-342
383231747,-3332,616,15376,153,-182,190
383235217,-3232,1616,15044,95,-16,67
383238513,-3504,-1108,16620,-39,-96,-181
383242180,-2312,972,15444,-131,302,-95
383245627,-2832,724,15968,-133,-27,-267
383249183,-2588,1548,15504,-222,249,-123
383252862,-2788,2168,15544,-37,143,144
383256297,-3672,-48,15776,-7,112,160
383259594,-4204,544,16236,-6,279,58
383262803,-2648,364,16076,-285,16,-377
383266322,-2772,1488,15392,-36,-11,-104
383269830,-3108,1728,15356,65,-177,98
383273213,-3496,196,15992,131,-99,140
383276597,-3872,124,15884,-155,267,-19
383280067,-2788,-1040,16568,-204,125,-359
383283797,-2432,1480,15620,-298,389,-195
383287440,-2688,1188,15972,-205,203,-202
383291108,-2760,1340,15344,-29,52,-112
383294554,-3760,2196,15376,3,62,249
383297764,-3932,-1884,16716,124,-94,140
383301320,-3888,412,15764,-104,160,-115
383304877,-2800,548,16100,-158,-93,-321
383308434,-2260,1612,15440,-77,52,-166
383311904,-3292,1736,15432,-108,-2,-19
383315398,-3448,-488,16088,-11,320,41
383318757,-4216,340,16264,42,176,229
383322054,-3296,-1124,16736,-329,373,-317
383325784,-2840,1192,15424,-111,322,-167
383329427,-2716,1756,15924,-139,-54,-171
383333071,-2988,1396,15460,97,-163,122
383336541,-3592,1388,15448,48,-101,93
383339927,-3660,-536,16152,85,-72,43
383343244,-3144,184,15608,-257,319,-194
383346777,-2964,1284,15884,-229,43,-434
383350334,-2540,1576,15216,-159,256,-6
383353839,-2560,1492,15960,-211,200,-176
383357448,-3988,-144,16056,67,200,271
383360831,-4036,940,15980,22,145,255
383364127,-3200,-944,16524,-261,117,-472
383367819,-3324,984,15464,-107,86,-93
383371154,-2744,1300,15904,-108,-128,-241
383374884,-2608,1900,15332,92,-78,63
383378181,-3664,900,15396,-53,71,138
383381477,-2416,-652,16192,-198,185,-407
383385121,-3628,580,15948,-267,340,-126
383388678,-2540,1528,15896,-340,359,-407
383392346,-2808,1292,15360,-26,24,-51
383395704,-3240,2336,15728,-49,-18,90
383399088,-4100,-1380,16256,46,45,39
383402384,-3696,724,15712,-119,28,-149
383405854,-2976,-840,16548,-113,-14,-325
383409498,-2308,1740,15472,-310,271,-362
383413141,-3076,1724,15692,-40,7,81
383416375,-3572,-892,16512,-57,255,56
383419734,-3672,1572,15616,40,119,185
383423117,-3064,-1148,16348,-353,456,-346
383426848,-3480,124,16036,-177,207,-285
383430404,-2796,2144,15792,-262,66,-388
383433961,-3080,1004,15508,62,-134,114
383437431,-3752,1416,15348,-15,-171,-76
383441011,-3844,-940,16328,43,-54,52
383444284,-3040,352,15600,-97,176,29
383447581,-2260,268,16252,-176,80,-350
383451051,-2704,1348,15288,-122,195,-3
383454556,-2560,2096,15460,-45,198,7
383457817,-4108,-1168,16724,-67,211,113
383461374,-3848,124,16076,41,204,254
383464674,-3068,-884,16456,-305,77,-475
383468276,-2824,1408,15436,-117,13,-144
383471784,-2952,1348,15720,-67,-46,-167
383475341,-3668,-316,16456,62,-238,98
383478724,-3764,616,15504,-49,213,130
383482107,-2352,-340,15952,-195,53,-428
383485664,-3328,864,15976,-233,400,-83
383489134,-2628,1580,15784,-374,419,-400
383492802,-2876,1264,15264,-9,-44,27
383496074,-3860,1716,15576,26,192,277
383499457,-4004,-1492,16488,12,-27,-33
383502927,-3392,720,15704,-114,142,-133
383506484,-2924,-664,16292,-179,-64,-381
383510127,-2452,1760,15448,-239,166,-319
383513771,-3016,1744,15840,-83,71,73
383517092,-3560,-996,16468,-35,174,57
383520451,-3860,1104,15944,47,258,229
383523834,-2800,-588,16088,-392,381,-380
383527478,-3444,248,15948,-69,252,-205
383530948,-2800,2248,15956,-123,-48,5
383534331,-3112,1048,15404,122,-152,163
383537888,-3660,1076,15408,26,-11,90
383541207,-3840,-984,16580,16,-96,-46
383544567,-2748,464,15508,-296,380,-335
383548124,-3104,1656,15812,-151,-12,-348
383551768,-2728,1244,15196,-49,259,86
383555186,-2584,2104,15568,-112,181,28
383558621,-4200,-1052,16548,-23,246,89
383562091,-3580,92,15944,23,277,184
383565361,-2884,-644,16576,-305,69,-469
383568857,-2908,1408,15332,-142,91,-146
383572414,-2824,1608,15656,-20,-175,-97
383575971,-3736,-620,16372,120,-150,99
383579441,-3700,676,15636,-76,145,113
383582824,-2420,-344,16148,-138,205,-216
383586468,-3196,1064,16012,-351,429,-170
383590136,-2532,120,15964,-314,319,-385
383593668,-2976,1116,15372,35,67,65
383596877,-3752,1704,15776,-78,-14,158
383600348,-4192,-1664,16664,73,49,-29
383603731,-3432,696,15608,-180,24,-185
383607201,-2876,-468,16360,-144,-70,-396
383610844,-2564,1584,15648,-219,262,-268
383614488,-3064,1744,15656,-83,5,84
383617722,-3352,-960,16456,-13,224,100
383621168,-3988,1256,15824,16,149,216
383624551,-2752,-740,16196,-309,421,-368
383628194,-3252,252,16060,-218,285,-361
383631751,-3040,2396,15664,-241,-26,-369
383635395,-3232,580,15716,111,-70,134
383638778,-3792,1396,15424,-12,-130,-46
383642358,-3748,-1140,16504,48,-49,-12
383645805,-2592,720,15320,-161,300,-20
383649275,-2392,456,16024,-123,-46,-329
383652831,-2832,1212,15732,-267,396,-146
383656510,-2576,2052,15384,-81,141,25
383659858,-3076,712,15500,83,13,191
383663068,-3956,1132,15932,-47,228,122
383666586,-2940,-688,16308,-41,13,-146
383670008,-2932,1072,15580,-196,75,-207
383673564,-2772,1800,15600,-133,-131,-337
383677295,-3160,928,15688,110,-54,125
383680678,-3724,904,15632,-110,32,103
383684061,-3084,-1416,16672,-88,300,-201
383687705,-3128,932,15960,-104,274,35
383691113,-2524,528,15836,-339,366,-335
383694645,-2964,804,15384,-45,187,-173
383698115,-3328,2220,15728,-56,-15,119
383701585,-4148,-1460,16444,139,-90,188
383705142,-4188,460,15980,4,-23,18
383708264,-2804,-244,16316,-150,12,-368
383711821,-2228,1324,15220,-207,159,-263
383715489,-2864,1836,15528,-138,-15,-210
383719108,-3084,744,15412,-16,294,69
383722405,-3944,732,15972,-10,111,146
383725788,-3832,-1472,16868,-190,412,-120
383729518,-3284,588,16012,-43,279,-8
383732815,-2676,592,16032,-270,74,-360
383736285,-3336,1028,15496,125,-154,195
383739845,-3148,1760,15156,89,-182,96
383743248,-3572,-1220,16632,-74,68,-171
383746782,-3780,180,15824,-175,262,-69
383750252,-2488,428,15972,-109,27,-251
383753721,-2584,1512,15696,-302,352,-165
383757400,-2512,2264,15352,-219,250,-251
383761009,-3520,184,15468,67,125,178
383764305,-4100,940,16116,-33,32,272
383767650,-3968,-1888,16896,-91,130,-291
383771245,-2880,1404,15596,-120,95,-130
383774802,-2792,648,15988,-104,-96,-248
383778359,-3148,940,15876,-64,66,-159
383781742,-3248,1708,15008,-35,35,236
383785125,-3056,-1216,16716,-193,273,-352
383788855,-4180,516,16256,-158,315,-6
383792263,-2652,636,15904,-291,362,-301
383795795,-2976,1076,15492,-83,109,-194
383799352,-2792,1424,16012,-153,-33,-157
383802995,-3464,-100,15608,163,-31,159
383806466,-3676,1228,15424,101,-116,136
383810022,-3068,-1120,16536,-133,61,-306
383813666,-3260,168,15660,-270,345,-275
383817247,-2852,1372,15764,-184,26,-428
383820779,-2504,1540,15328,-146,322,-9
383824249,-2860,2020,15196,-148,199,-88
383827806,-3896,-612,16236,31,214,197
383831189,-3904,340,16136,-24,140,252
383834573,-3360,-1224,16632,-235,80,-428
383838216,-2904,1380,15440,-137,129,-140
383841883,-2808,1072,15976,-80,-159,-206
383845503,-2516,1828,15512,26,-56,31
383848800,-3424,960,15620,-23,81,185
383852096,-2376,-664,16372,-108,308,-153
383855740,-3772,740,16148,-215,342,-14
383859244,-2904,-896,16232,-346,373,-354
383862853,-2528,1740,15444,-38,90,-91
383866285,-3168,2348,15964,-7,-92,158
383869620,-3920,-1468,16260,57,76,-53
383873003,-3644,752,15616,27,-21,88
383876213,-3136,-1056,16352,-131,0,-335
383879769,-2244,1840,15496,-64,-105,-119
383883413,-3004,1712,15816,-61,-5,109
383886796,-3568,-980,16284,-93,373,-35
383890291,-3492,1500,15688,22,78,176
383893563,-2840,-928,16368,-337,446,-334
383897206,-3672,204,16120,-156,273,-223
383900763,-2720,2020,15828,-102,7,-42
383904146,-3016,1176,15448,73,-84,89
383907443,-3640,1436,15512,62,-97,58
383910739,-3216,-1212,16416,-165,71,-296
383914383,-3116,264,15948,-262,244,-335
383917964,-2852,1612,15780,-187,70,-375
383921496,-2732,1452,15208,-99,159,29
383924879,-3300,1868,15576,-95,175,-9
383928263,-4060,-920,16440,-85,264,136
383931733,-3912,252,16068,11,125,237
383935029,-3260,-1096,16700,-277,181,-443
383938759,-2804,1612,15556,-180,35,-188
383942339,-2864,1452,15636,3,-79,-113
383945699,-3816,-588,16448,76,-158,76
383949083,-3520,1040,15384,-36,158,134
383952552,-2448,-672,16124,-238,118,-460
383956196,-3504,788,16036,-247,316,-110
383959788,-2680,1576,15668,-329,415,-346
383963396,-2880,1268,15340,-13,-28,-34
383966916,-3084,2376,15844,-37,-4,135
383970250,-4096,-1416,16428,27,8,-5
383973459,-3504,720,15756,-117,64,-173
383976929,-3008,-884,16320,-171,57,-363
383980486,-2364,1872,15404,-20,-169,-63
383984043,-3016,1936,15648,-38,64,136
383987426,-3568,-956,16296,-95,243,-68
383990921,-3480,1652,15860,63,120,216
383994279,-3052,-1148,16284,-387,422,-352
383998010,-3328,268,16036,-171,210,-288
384001566,-2976,2196,15752,-234,104,-358
384005210,-3132,884,15604,76,-201,84
384008506,-3628,1328,15228,47,-105,-78
384011976,-3760,-960,16524,24,-102,15
384015384,-3004,476,15844,-234,333,-357
384018916,-2164,240,15972,-195,75,-397
384022386,-2632,1340,15284,-94,170,18
384025769,-2488,1660,15672,-144,283,-135
384029413,-3908,-340,16236,-6,-21,107
384032796,-4080,680,15840,61,198,189
384036093,-2916,-432,16332,-293,70,-473
384039653,-3120,988,15620,-104,14,-112
384043143,-2844,1604,15816,-63,-92,-181
384046676,-2504,1472,15500,72,-195,60
384050060,-3832,844,15368,-37,226,185
384053443,-2304,-548,16256,-143,263,-197
384057086,-3536,724,16056,-211,363,-52
384060591,-2760,-536,16056,-354,478,-402
384064200,-2684,1516,15280,9,-47,-4
384067512,-3124,2344,15688,15,75,220
384070706,-4052,-1668,16332,3,-48,-84
384074089,-3492,772,15652,-74,125,-120
384077559,-2912,-868,16412,-187,-54,-376
384081203,-2376,1792,15404,64,-95,-19
384084586,-2888,1736,15828,-109,77,74
384087969,-3524,-972,16432,-55,285,-96
384091468,-3728,1192,15816,28,205,185
384094823,-2832,-648,16068,-355,358,-346
384098466,-3540,204,15948,-62,248,-184
384101936,-2728,2000,15812,-155,-24,-89
384105493,-3100,1324,15340,114,-191,125
384109049,-3712,1036,15544,27,-5,60
384112259,-3084,-884,16404,7,-98,-16
384115580,-2988,428,15540,-256,300,-282
384119112,-2780,1408,15960,-183,15,-374
384122669,-2612,1480,15344,-71,259,38
384126053,-3236,1672,15468,36,79,208
384129349,-4028,-980,16492,-29,261,123
384132819,-3712,240,16132,-104,217,-122
384136376,-3056,-836,16448,-272,58,-427
384139936,-3004,1376,15264,7,-98,48
384143166,-3656,1504,15256,-8,-194,-102
384146699,-3812,-720,16304,80,20,93
384149909,-3484,-4,15824,-241,266,-240
384153379,-2244,-172,16136,-204,114,-372
384157022,-2444,1540,15244,-274,430,-119
384160705,-2508,1552,16052,-154,196,-133
384164309,-2780,1436,15048,15,81,32
384167567,-3856,1360,15688,64,86,306
384170816,-3444,-1160,16612,-253,203,-462
384174546,-3312,756,15652,-138,-1,-150
384178016,-2704,1168,15812,-174,-43,-354
384181659,-2532,1620,15420,38,-110,-22
384185129,-3084,1972,15544,-57,-32,131
384188599,-3456,-1344,16588,-144,414,-127
384192354,-3832,1140,15888,-4,123,150
384195713,-2756,-640,16044,-318,432,-350
384199356,-3372,248,15952,-205,211,-293
384202913,-2816,2248,15724,-274,43,-429
384206470,-3192,824,15308,94,-140,176
384209853,-3784,1136,15484,6,-162,-34
384213236,-3736,-1172,16448,12,6,-39
384216557,-2608,720,15400,-298,237,-346
384220089,-2404,440,15844,-122,24,-310
384223560,-2796,1112,15284,-79,172,16
384226943,-3572,1608,15564,-43,147,61
384230326,-3980,-1044,16492,-121,285,86
384233883,-3716,132,15960,29,150,177
384237179,-2988,-624,16392,-279,192,-468
384240846,-2976,1368,15300,-130,-39,-151
384244466,-2944,1544,15556,29,-55,-52
384247850,-3704,-784,16368,116,-142,55
384251320,-3752,696,15544,-40,213,136
384254703,-2204,-288,16004,-147,305,-228
384258346,-3152,960,15852,-313,304,-176
384261938,-2500,420,15952,-321,407,-368
384265508,-2928,944,15404,25,-62,45
384268670,-3860,1680,15604,10,57,223
384271966,-4028,-1732,16784,-29,-26,-46
384275523,-3376,760,15692,-121,120,-160
384279080,-2772,-344,16356,-197,7,-353
384282550,-2744,1544,15500,-211,88,-278
384286106,-2992,1884,15624,-70,120,113
384289580,-3640,-1252,16712,-35,133,65
384293071,-3716,1240,15944,27,233,202
384296430,-2780,-732,16100,-357,354,-404
384300073,-3288,280,15820,-179,230,-309
384303630,-3036,2468,15756,-271,104,-388
384307273,-3172,628,15532,117,-216,149
384310743,-3036,2088,15468,38,-69,16
384314040,-3720,-1264,16460,-33,-89,-90
384317621,-2856,728,15524,-74,269,19
384320893,-2308,268,16132,-204,53,-331
384324363,-2768,1184,15112,-51,216,22
384327746,-2488,1912,15700,-145,250,-80
384331303,-4212,-812,16588,-8,187,210
384334686,-4256,336,16332,27,307,160
384337983,-2856,-164,16196,-310,51,-462
384341563,-3048,824,15544,-37,-5,-62
384344836,-2888,1576,15888,-93,-78,-142
384348393,-3784,-792,16448,148,-216,141
384351950,-3700,444,15648,-79,234,87
384355246,-2236,-172,16188,-166,24,-341
384358803,-3244,704,15976,-248,448,-126
384362395,-2468,1900,15724,-372,341,-408
384366051,-2776,1088,15304,60,-21,65
384369300,-3876,1644,15564,-57,80,159
384372683,-4160,-1676,16632,37,-43,-31
384376153,-3352,932,15576,-145,113,-164
384379709,-2916,-536,16344,-151,-93,-379
384383353,-2440,1672,15624,-185,184,-313
384386997,-2992,1868,15672,-115,55,83
384390404,-3452,-1124,16484,-9,138,74
384393763,-3800,1184,16060,4,247,180
384397060,-2756,-524,16256,-342,385,-353
384400703,-3492,484,15864,-97,249,-206
384404173,-2964,2200,15944,-289,43,-398
384407730,-3052,1092,15296,126,-92,161
384411200,-3800,924,15560,24,-137,8
384414410,-3752,-1092,16560,19,-49,-31
384417904,-2904,512,15528,-274,280,-358
384421436,-2296,388,16084,-142,-41,-353
384424993,-2864,1208,15332,-61,264,34
384428376,-2656,1964,15696,-80,119,11
384431760,-4028,-960,16472,-53,343,89
384435143,-3780,64,16076,17,193,219
384438352,-2900,-608,16528,-262,138,-484
384442019,-2860,1232,15464,31,-195,88
384445379,-3036,1504,15664,-30,-135,-100
384449023,-3628,-644,16440,82,-66,110
384452406,-3876,576,15584,-50,130,146
384455789,-2248,-216,16176,-211,165,-410
384459433,-3228,932,15856,-280,284,-143
384463024,-2564,1636,15904,-317,400,-418
384466682,-2832,1256,15140,-1,-57,46
384469930,-3748,1528,15952,44,183,233
384473313,-4060,-1476,16500,-24,75,-64
384476783,-3292,612,15676,-135,45,-149
384480253,-2888,-404,16464,-168,51,-390
384483810,-2576,1532,15464,14,-148,-7
384487193,-2900,1832,15604,-31,49,113
384490600,-3644,-1128,16692,-103,241,-78
384494220,-3816,1008,15928,-31,196,134
384497690,-2708,-440,16096,-371,432,-369
384501333,-3500,360,15832,-141,166,-195
384504890,-3012,2064,15764,-230,68,-403
384508447,-2928,1140,15324,80,-167,146
384511916,-4016,1000,15592,55,-176,32
384515324,-3704,-1128,16620,-47,0,-80
384518683,-2700,608,15476,-262,221,-274
384522240,-2360,180,15848,-147,100,-352
384525797,-2696,1376,15216,-300,313,-135
384529440,-2624,2024,15704,-45,172,71
384532823,-4244,-1072,16688,3,83,102
384536120,-4048,1152,16176,68,153,220
384539507,-2928,-604,16332,-350,150,-496
384543170,-2892,1252,15424,-115,-51,-170
384546790,-2968,1528,15652,-112,28,-296
384550347,-3008,1104,15688,103,-214,79
384553817,-3640,868,15784,-56,59,135
384557113,-3344,-1336,16684,-158,264,-208
384560844,-3148,780,15916,-38,209,96
384564175,-2584,148,16052,-383,435,-373
384567757,-2888,1064,15312,-95,109,-190
384571253,-3180,2364,15712,-17,82,135
384574637,-4212,-1592,16612,118,-150,199
384578280,-4044,680,15872,44,57,40
384581403,-2928,-476,16148,-174,-34,-369
384585047,-2412,1044,15476,-190,122,-284
384588690,-3192,1788,15824,-128,81,-188
384592272,-2924,748,15312,-26,148,54
384595544,-4028,1036,15724,51,271,237
384598927,-4136,-1776,17068,-217,315,-93
384602570,-3292,544,15928,-24,285,44
384605867,-2784,156,16132,-282,69,-415
384609337,-3156,1052,15256,132,-168,157
384612894,-3116,1752,15528,40,-79,-15
384616301,-3580,-1008,16508,9,-115,-70
384619747,-3964,304,15944,-38,255,18
384623043,-2248,328,16064,-210,-28,-388
384626600,-2760,1172,15168,-239,316,-100
384630244,-2612,2044,15660,-92,216,5
384633540,-3932,-1024,16656,49,-26,103
384637010,-4232,1056,15888,-5,279,194
384640416,-2960,-736,16452,-268,57,-456
384643950,-2988,1108,15480,-88,74,-141
384647420,-2932,1420,15696,-188,-53,-322
384651063,-2816,1372,15568,82,-151,71
384654447,-3824,688,15460,-3,82,172
384657657,-3300,-1420,16640,-177,267,-261
384661387,-3084,952,15940,-9,276,102
384664718,-2604,-112,16120,-361,342,-331
384668375,-2836,1192,15376,-71,162,-244
384671883,-3020,2396,15556,-50,30,167
384675267,-4124,-1420,16560,22,-14,-28
384678737,-4080,580,15996,13,107,44
384681947,-2996,-536,16416,-157,-55,-335
384685590,-2400,956,15340,-188,203,-300
384689147,-2896,2052,15612,-66,-19,134
384692641,-3112,668,15248,6,210,101
384695826,-3888,1104,15852,-22,172,161
384699297,-2668,-584,16252,-161,297,-26
384702853,-3464,480,15732,-191,281,-241
384706410,-2828,2228,15692,-277,18,-398
384709967,-3280,900,15412,99,-79,136
384713263,-3880,964,15712,16,-150,47
384716584,-3748,-1216,16372,-7,-10,-111
384720117,-2700,816,15376,-246,208,-310
384723673,-2388,372,15884,-141,-10,-299
384727230,-2796,1176,15100,-266,420,-149
384730874,-2584,2052,15640,-99,114,19
384734257,-4236,-1040,16704,95,46,203
384737640,-4172,408,16184,-3,173,130
384740960,-2780,-12,16140,-253,136,-449
384744493,-2944,1172,15384,-94,-28,-77
384747963,-2824,1720,15588,-17,-70,-114
384751520,-3036,1468,15696,116,-124,163
384755077,-3840,308,15580,-47,-26,201
384758460,-3096,-1188,16800,-175,343,-302
384762190,-3308,812,16068,-51,207,152
384765640,-2600,-204,16020,-328,389,-398
384769217,-2660,1528,14984,-179,207,-334
384772860,-3124,2624,15412,96,-28,364
384776244,-3680,-344,15704,113,-31,136
384779714,-4048,1040,15740,-2,2,23
384782837,-2968,-776,16456,-147,31,-375
384786394,-2240,1268,15272,-276,167,-395
384790062,-3008,1920,15528,-66,-48,-173
384793594,-3232,336,15556,-94,308,64
384796890,-3876,1172,16012,76,127,185
384800274,-3888,-1556,16880,-200,442,-76
384803917,-3136,668,15600,-94,230,-1
384807214,-2424,428,15944,-214,81,-348
384810684,-3220,836,15384,71,-165,137
384814067,-3820,944,15684,61,-164,10
384817388,-3648,-1044,16568,-64,48,-66
384820833,-2576,644,15564,-244,185,-361
384824390,-2304,544,15844,-135,75,-252
384827860,-2872,1036,15364,-300,304,-112
384831504,-2500,2120,15560,-98,184,8
384834800,-4116,-1016,16740,-56,289,150
384838357,-4304,436,16060,3,183,146
384841591,-2788,-48,16204,-309,138,-416
384845123,-2856,1280,15564,-116,-44,-115
384848767,-2888,1808,15444,-139,-38,-348
384852410,-2884,1188,15696,137,-215,159
384855967,-3984,336,15728,-33,38,197
384859264,-3148,-1104,16696,-198,324,-271
384862994,-4156,556,16264,-35,182,136
384866443,-2632,100,16064,-320,420,-417
384869934,-2788,1088,15100,-108,170,-238
384873577,-3072,2284,15676,-30,-3,138
384876961,-3332,468,15392,143,-64,183
384880344,-4024,540,15924,-8,-13,31
384883554,-2924,-264,16176,-166,36,-364
384887110,-2292,1148,15324,-228,113,-308
384890778,-3084,1892,15832,-111,-2,-182
384894311,-3028,708,15388,-68,240,83
384897607,-3996,948,16076,68,141,215
384900904,-4096,-1736,17080,-232,430,-116
384904634,-3268,624,15568,-84,235,6
384907844,-2612,296,16304,-252,77,-378
384911314,-2984,1120,15460,77,-207,133
384914787,-3832,900,15552,79,-175,13
384918105,-3608,-1072,16540,-73,0,-92
384921463,-2716,584,15436,-229,241,-304
384925020,-2456,208,15920,-198,120,-326
384928577,-2660,1216,15220,-244,282,-98
384932134,-2448,1984,15600,-114,244,-43
384935690,-4020,-796,16656,15,58,135
384938987,-4300,640,16112,36,215,192
384942308,-3004,-408,16420,-308,109,-466
384945927,-2924,1076,15404,-132,1,-121
384949397,-2824,1548,15652,-23,-62,-125
384952954,-2804,1344,15644,120,-215,85
384956423,-3804,736,15752,-6,235,136
384959720,-3292,-1416,16612,-174,247,-241
384963450,-3376,876,16200,-3,170,156
384966813,-2716,-260,16104,-347,442,-394
384970390,-2760,1452,15208,-143,139,-284
384974034,-3064,2444,15580,12,67,207
384977330,-4064,-1608,16508,-20,-41,-112
384980974,-4004,944,15572,39,44,50
384984097,-3156,-840,16456,-178,-15,-354
384987740,-2444,776,15528,-246,203,-391
384991322,-3008,1900,15560,-80,74,153
384994680,-3012,768,15220,-21,144,83
384997977,-3788,1284,15948,57,202,191
385001360,-2804,-860,16192,-194,332,-14
385004917,-3564,356,15828,-112,254,-198
385008474,-2748,1944,16064,-282,120,-441
385012117,-3076,1116,15272,80,-184,91
385015525,-2912,1788,15508,17,-83,-48
385018883,-3772,-916,16632,45,-140,-10
385022354,-2856,604,15720,-93,256,38
385025650,-2336,-48,16008,-193,7,-369
385029033,-2628,1472,15412,-112,205,-1
385032503,-2548,1924,15784,-101,265,-58
385036060,-3880,-684,16304,-55,208,159
385039534,-4024,1472,15684,69,255,254
385042938,-3168,-1120,16724,-280,75,-453
385046557,-3160,1000,15600,-128,88,-158
385050114,-3104,1184,15684,-72,-132,-194
385053757,-2564,1552,15600,71,-186,46
385057140,-3524,948,15656,-51,126,127
385060524,-3412,-1116,16508,-80,213,-173
385064167,-3564,644,16132,66,217,210
385067583,-2684,-304,16004,-390,396,-440
385071107,-2684,1144,15288,-109,131,-207
385074751,-3048,2336,15840,-76,39,85
385078047,-3972,-1164,16360,110,-189,143
385081691,-3804,908,15516,62,88,75
385084814,-3008,-788,16392,-160,-79,-366
385088457,-2556,756,15584,-237,297,-331
385092038,-3016,1560,15852,-182,34,-303
385095571,-2840,1072,15368,-31,169,67
385098954,-3500,1436,15880,-17,186,178
385102424,-4040,-1192,16776,-104,238,51
385105981,-3560,280,15808,78,258,209
385109277,-2856,-612,16348,-324,92,-465
385112834,-3096,1264,15236,115,-68,161
385116328,-2832,1520,15372,-50,-115,-88
385119860,-3836,-692,16404,93,-88,52
385123157,-3880,360,15812,-71,267,76
385126454,-2356,60,15852,-181,0,-387
385129750,-2608,1392,15220,-114,231,14
385133220,-2628,1824,15988,-193,176,-130
385136864,-4124,-408,16392,69,-23,129
385140271,-4076,856,15828,16,165,212
385143543,-3196,-772,16652,-258,89,-439
385147100,-3060,928,15644,-139,83,-99
385150483,-2976,1372,15868,-65,-126,-195
385154127,-2596,1656,15600,60,-80,48
385157423,-3700,892,15448,-34,76,157
385160720,-2332,-540,16196,-208,178,-419
385164363,-3416,540,15924,-310,341,-119
385167990,-2696,1476,15848,-339,372,-355
385171564,-2740,1156,15316,-14,42,-25
385174947,-3800,1948,15596,-58,-43,64
385178330,-4084,-1344,16288,85,70,27
385181627,-3528,580,15908,-108,23,-137
385185097,-3100,-848,16444,-143,21,-377
385188653,-2304,1828,15404,-31,-122,-59
385192235,-2972,1708,15940,-33,-11,74
385195593,-3520,-804,16264,-93,335,-91
385199063,-3616,1304,15820,70,76,213
385202360,-2976,-880,16368,-388,527,-365
385206003,-3540,128,15980,-137,200,-244
385209560,-2828,2092,15936,-59,52,-17
385212943,-2988,1092,15288,74,-123,130
385216438,-3532,1504,15328,90,-47,70
385219710,-3192,-1240,16524,65,4,54
385222920,-3192,212,15804,-251,235,-302
385226476,-2704,1468,15944,-85,83,-26
385229860,-2720,1348,15324,-115,160,22
385233330,-3096,1976,15524,55,210,186
385236713,-3520,-1364,16668,-41,198,125
385240294,-3804,284,16196,-120,262,-146
385243826,-3184,-1096,16640,-261,170,-437
385247557,-2900,1276,15400,-149,8,-148
385251027,-2808,1436,15828,-49,-74,-185
385254583,-3768,-252,16260,43,-170,77
385257966,-3504,788,15704,-8,169,102
385261263,-2348,-368,16060,-245,130,-402
385264954,-3432,872,16140,-218,263,-103
385268498,-2552,1564,15980,-348,450,-391
385272107,-2728,1244,15184,-9,-71,-5
385275403,-3784,1796,15628,-28,-5,167
385278787,-4144,-1476,16500,-5,5,2
385281909,-3536,836,15964,-102,108,-103
385285466,-2912,888,15908,-183,34,-333
385288936,-2252,1804,15488,27,-137,-78
385292431,-3444,1268,15396,-38,110,148
385295876,-3592,-1160,16524,-86,210,-90
385299433,-4092,672,16336,46,174,220
385302730,-2996,-1152,16216,-345,381,-342
385306460,-2656,1524,15476,-180,231,-337
385310103,-2760,2436,15816,-73,44,63
385313400,-3920,-1276,16024,127,-201,135
385317068,-3672,1504,15240,84,33,70
385320253,-3256,-1384,16604,20,-156,84
385323723,-2996,268,15792,-270,398,-351
385327280,-3104,1332,15840,-171,32,-372
385330837,-2632,1396,15408,-94,216,30
385334220,-3192,1800,15592,-114,267,-13
385337777,-4184,-940,16252,-40,183,130
385341271,-3948,352,16032,53,242,255
385344543,-3160,-1084,16544,-265,50,-443
385348187,-2840,1404,15300,-127,39,-152
385351743,-2980,1448,15972,-57,-147,-158
385355387,-2612,1464,15600,59,-187,57
385358770,-3608,780,15668,-58,227,153
385362153,-2464,-472,16128,-118,220,-184
385365844,-3428,816,16176,-244,422,-120
385369388,-2712,-224,16048,-367,367,-370
385372997,-2832,1180,15376,0,29,-54
385376207,-3624,1992,15332,-54,72,116
385379590,-4032,-1484,16504,81,-60,43
385382973,-3552,684,15796,-166,173,-158
385386530,-2916,-688,16292,-166,-76,-327
385390198,-2356,1552,15372,-214,220,-303
385393817,-3048,1884,15784,-89,-7,41
385397114,-3556,-948,16344,-40,149,80
385400497,-3556,1504,15592,14,173,171
385403880,-3120,-1180,16436,-310,345,-333
385407610,-3512,8,16056,-192,358,-300
385410994,-2852,2420,15688,-310,49,-437
385414554,-3152,692,15504,123,-139,125
385418045,-3464,1676,15240,-52,-57,-120
385421577,-3908,-892,16568,92,-121,79
385424960,-3040,352,15684,-118,314,39
385428344,-2252,188,15816,-157,-40,-350
385431900,-2600,1144,15376,-264,434,-120
385435544,-2620,2064,15808,-119,127,-50
385439100,-3004,996,15264,107,-24,154
385442508,-3908,1436,15948,-26,160,199
385445954,-3244,-1168,16604,-8,-48,-106
385449511,-3192,828,15540,-162,143,-152
385453067,-2880,-316,16268,-167,-90,-385
385456711,-2620,1572,15412,70,-75,41
385460007,-2980,1808,15520,-70,12,139
385463391,-3580,-1316,16700,-79,298,-159
385467081,-3984,872,16100,-50,247,150
385470452,-2552,-132,16220,-352,339,-392
385474061,-3304,492,15980,-128,270,-258
385477618,-2984,2532,15888,-31,-44,120
385481088,-3136,700,15288,117,-95,165
385484471,-3928,944,15636,56,-24,75
385487681,-3064,-920,16416,-9,-68,-54
385491088,-2648,780,15540,-290,257,-341
385494621,-3132,1708,15660,-46,-5,85
385497917,-2968,940,15384,-34,252,85
385501214,-3660,1368,15936,12,150,173
385504597,-2904,-836,16324,-79,360,66
385507980,-3572,236,15908,-138,158,-242
385511537,-2724,2024,15848,-83,89,-10
385514945,-2968,1192,15532,49,-149,129
385518390,-3688,1164,15348,131,-30,92
385521773,-3092,-972,16424,-1,11,-4
385524983,-3176,308,15640,-216,203,-262
385528540,-2856,1436,15836,-203,119,-360
385532183,-2616,1504,15220,-84,138,43
385535567,-3316,1548,15340,-60,167,14
385538950,-3936,-808,16512,-101,270,106
385542531,-3900,180,15976,14,129,229
385545803,-3104,-928,16404,-299,159,-453
385549447,-2760,1508,15184,-166,-12,-180
385553090,-2876,1464,15708,35,-78,-83
385556473,-3764,-504,16312,91,-208,97
385559857,-3712,744,15804,-57,179,125
385563240,-2240,-344,16108,-223,59,-440
385566856,-3096,1024,15752,-271,357,-167
385570479,-2548,1540,15816,-290,421,-332
385574084,-3016,1092,15360,-16,-46,8
385577380,-3880,1580,15784,-8,39,162
385580677,-4152,-1556,16544,-23,-15,-36
385584233,-3260,628,15792,-134,114,-171
385587790,-2828,-312,16308,-191,-7,-351
385591371,-2588,1432,15448,-222,138,-287
385594990,-2932,1864,15656,-60,93,125
385598374,-3548,-1336,16624,-19,138,138
385601930,-3812,996,16024,41,266,148
385605227,-2780,-516,16068,-369,298,-373
385608870,-3272,452,15896,-106,164,-240
385612427,-3088,2212,15676,-266,106,-363
385616095,-3152,848,15332,124,-195,150
385619541,-3060,1880,15156,82,-75,73
385622837,-3756,-1268,16584,-55,-71,-87
385626394,-2632,640,15488,-79,273,12
385629690,-2272,336,15928,-182,34,-340
385633160,-2976,1164,15432,0,193,118
385636457,-2640,1916,15528,-104,255,33
385639951,-4084,-1236,16616,-90,235,32
385643397,-4184,600,16192,18,268,116
385646693,-2604,-32,16124,-274,23,-464
385650163,-2956,1100,15368,-54,-17,-113
385653720,-3020,1644,15544,4,-129,-53
385657103,-3620,-908,16432,123,-201,126
385660660,-3964,312,15652,-98,266,87
385663957,-2168,132,15796,-158,21,-389
385667474,-2744,1292,15660,-248,393,-112
385671105,-2740,1812,15720,-305,309,-313
385674714,-3096,1000,15248,65,6,97
385677837,-4100,1084,15884,-43,201,204
385681307,-4184,-1852,16716,-48,-10,-159
385684950,-2848,1068,15580,-178,63,-183
385688507,-3044,148,16340,-134,-125,-293
385692180,-2880,1184,15616,-134,116,-239
385695794,-3140,1992,15456,-66,39,203
385699177,-3300,-1556,16804,19,224,90
385702560,-3988,844,16108,-90,269,70
385705857,-2600,-76,15960,-330,352,-365
385709414,-3204,876,15728,-141,223,-277
385712970,-2976,2360,15696,-187,-72,-242
385716638,-3452,352,15452,125,-46,176
385719997,-4052,512,15852,56,-123,66
385723294,-3412,-1140,16704,-81,-7,-151
385726850,-2108,1172,15492,-251,138,-351
385730494,-2752,788,15960,-114,-1,-176
385733964,-3220,560,15456,-226,326,-82
385737434,-2828,2108,15384,-3,111,146
385740842,-3900,-1516,16780,46,142,213
385744287,-4084,420,15992,-46,211,-3
385747584,-2560,616,16080,-217,39,-308
385751054,-2652,1428,15424,-72,8,-88
385754350,-3200,1756,15404,65,-197,54
385757733,-3584,-1200,16580,-57,48,-112
385761290,-3672,144,15900,-162,214,-54
385764764,-2368,532,16032,-211,183,-407
385768364,-2580,1408,15536,-255,300,-89
385771909,-2676,2000,15612,-250,250,-266
385775517,-3240,396,15584,52,94,166
385778727,-4128,660,16156,10,28,308
385781937,-3920,-1900,16816,-129,118,-309
385785667,-2756,1400,15496,-134,-59,-167
385789310,-2656,596,15956,-120,-119,-278
385792978,-2220,1696,15452,-54,22,-148
385796424,-3152,1796,15280,-34,35,175
385799807,-3056,-1332,16724,-5,312,33
385803190,-4036,584,16360,-174,287,24
385806574,-2724,652,15860,-278,384,-307
385810130,-2976,1072,15644,-91,87,-218
385813600,-3448,2336,15536,-123,-41,-134
385817268,-3536,-220,15572,100,-7,139
385820627,-4008,484,15796,99,-153,147
385824010,-3348,-1280,16564,-131,71,-264
385827654,-2208,1664,15144,-234,304,-233
385831297,-2792,1020,15960,-85,48,-125
385834767,-2548,1632,15332,-130,237,-18
385838324,-3004,1700,15284,28,90,143
385841645,-3472,-1160,16668,16,182,126
385845090,-3992,256,16188,-87,254,-78
385848474,-2476,1256,15980,-242,73,-445
385852031,-2812,1456,15560,-10,-25,-13
385855501,-3172,1744,15384,-63,-153,-192
385859144,-3612,-204,16088,125,-23,138
385862614,-3748,36,15816,-69,140,160
385865958,-2404,-676,16380,-207,129,-411
385869554,-2472,1636,15380,-282,421,-103
385873232,-2500,1632,15808,-178,233,-177
385876841,-2908,1276,15420,37,53,-27
385880137,-3724,2056,15608,4,68,271
385883347,-3744,-1780,16764,81,6,36
385886557,-2716,1500,15276,-133,54,-143
385890138,-2824,728,16008,-62,-59,-204
385893584,-2340,1704,15380,-42,-50,-113
385897140,-3160,1588,15248,-3,41,209
385900437,-2820,-1148,16540,-18,367,4
385903820,-3804,540,16208,-200,306,-70
385907290,-2620,1124,15760,-298,388,-326
385910934,-2696,1128,15540,-96,41,-143
385914407,-3484,2304,15576,-100,-17,-56
385917985,-4012,-736,16084,104,-14,144
385921431,-3728,532,16104,57,-88,100
385924727,-3324,-1036,16436,-143,49,-283
385928370,-2128,1576,15496,-289,293,-299
385932014,-2988,1548,15836,-52,107,-14
385935484,-2636,1532,15332,-82,169,31
385938867,-3308,1572,15448,58,163,154
385942275,-3228,-1116,16416,-80,315,113
385945807,-3828,16,16188,-77,202,-151
385949191,-2672,1696,15912,-271,167,-479
385952834,-2924,1368,15200,43,-187,74
385956217,-3440,1580,15316,-9,-97,-96
385959601,-3724,-536,16200,47,-110,111
385963071,-3472,176,15672,-58,140,107
385966502,-2468,-464,16240,-204,115,-351
385970097,-2428,1756,15380,-319,330,-185
385973776,-2840,1748,15824,-114,284,-75
385977298,-2884,1016,15364,7,-35,24
385980507,-3572,1792,15544,47,184,238
385983890,-3660,-1536,16832,-234,80,-398
385987534,-3308,788,15848,-149,60,-170
385991029,-2896,1172,15996,-182,36,-347
385994561,-2672,1544,15544,19,-163,-6
385997944,-3392,1200,15384,-43,82,140
386001327,-3488,-1300,16600,-90,243,-138
386004971,-3528,720,16040,20,188,178
386008267,-2724,-520,16052,-411,422,-433
386011911,-2944,1340,15296,-136,119,-243
386015579,-2960,2260,15912,-90,71,54
386018851,-3924,-1200,16208,99,-72,77
386022234,-3932,852,15668,112,46,94
386025444,-3000,-728,16392,-215,-61,-347
386029087,-2680,836,15536,-217,244,-318
386032644,-3136,1456,15900,-92,10,63
386035941,-3544,-820,16240,-50,156,36
386039324,-3484,1120,15596,21,233,167
386042732,-2916,-780,16212,-359,396,-362
386046351,-3428,324,15860,-102,326,-205
386049907,-2788,1956,15948,-263,42,-476
386053464,-3024,1236,15412,106,-76,119
386056934,-3684,1268,15312,8,-125,-56
386060317,-3648,-768,16464,47,-37,22
386063614,-3016,324,15624,-296,269,-335
386067272,-2332,88,16312,-175,53,-366
386070554,-2640,1380,15232,-110,256,9
386073976,-2700,1836,15792,-109,141,-40
386077494,-4084,-968,16492,-21,304,138
386080964,-4036,1144,15756,-14,157,201
386084434,-3040,-808,16428,-240,118,-418
386088077,-3004,1028,15544,-153,55,-183
386091658,-2944,1620,15660,-156,-80,-322
386095278,-2868,1224,15504,102,-97,111
386098748,-3576,812,15292,-70,10,119
386102044,-3436,-1356,16688,-100,296,-192
386105774,-3156,920,15852,-91,284,78
386109071,-2360,188,15992,-314,348,-389
386112628,-3092,988,15288,-103,233,-216
386116209,-2888,2348,15840,-39,-33,133
386119654,-4260,-1760,16472,167,-101,223
386123298,-4020,604,15900,11,-24,29
386126508,-2800,-480,16208,-48,-22,-160
386130064,-2336,1056,15344,-263,203,-339
386133708,-3144,1944,15536,-111,-63,-173
386137351,-3084,416,15452,-60,309,63
386140672,-3864,960,15900,-25,94,84
386143858,-3740,-1444,16740,-178,411,-59
386147501,-2956,676,15648,-106,258,-41
386150971,-2600,668,15916,-209,20,-298
386154441,-3312,752,15388,-106,-19,-73
386157911,-3240,1888,15200,60,-171,73
386161294,-3600,-1232,16556,-88,44,-142
386164898,-3848,184,15816,-140,235,-57
386168321,-2340,492,15940,-131,96,-217
386171791,-2616,1400,15536,-289,260,-155
386175470,-2768,2168,15240,-196,229,-185
386179078,-3316,316,15472,54,121,204
386182375,-4212,516,16036,50,4,306
386185498,-2688,112,16180,-162,179,-335
386189054,-2804,1372,15336,-86,-66,-110
386192635,-2744,524,15972,-110,-58,-266
386196168,-3300,780,15780,132,-184,140
386199638,-3300,1576,15448,-19,44,220
386203021,-2868,-1104,16600,-232,272,-400
386206751,-4052,508,16228,-133,246,-3
386210135,-2552,812,15880,-269,391,-295
386213691,-3044,1252,15480,-69,41,-145
386217186,-3376,2368,15596,-114,-4,-103
386220718,-3720,-328,15744,79,-81,141
386224101,-4052,432,15980,-12,85,-24
386227398,-3128,-1212,16512,-146,31,-317
386231041,-2140,1588,15220,-127,25,-205
386234598,-2872,1244,15968,-61,83,-48
386237981,-3528,-40,15900,-37,210,45
386241302,-3984,712,16220,72,207,194
386244574,-3536,-1468,16684,-321,345,-238
386248304,-3076,968,15684,-60,231,-89
386251688,-2476,1256,15948,-229,68,-233
386255245,-3496,248,15644,4,-187,23
386258454,-3584,1484,15172,79,-22,89
386261751,-3404,-1176,16448,-134,-76,-252
386265528,-3388,164,15620,-208,402,-208
386269038,-2772,984,15904,-221,48,-380
386272508,-2284,1516,15552,-199,276,-96
386276100,-2888,2064,15228,-166,288,-120
386279708,-3848,-472,16120,35,114,159
386283091,-3880,556,16240,5,223,291
386286301,-3500,-1576,16784,-206,49,-411
386289969,-2808,1608,15448,-139,95,-201
386293501,-2828,1332,15860,-68,-161,-152
386297145,-2624,1388,15568,42,-146,5
386300441,-3392,1396,15280,-80,142,200
386303911,-2352,-844,16368,-78,241,-90
386307381,-3720,500,16288,-216,425,-91
386310851,-2688,1048,15928,-367,372,-347
386314498,-2760,1364,15252,-9,46,-134
386317903,-3792,1784,15764,-19,5,137
386321175,-4120,-1504,16476,45,1,-1
386324384,-3672,820,15628,-112,88,-103
386327854,-2788,840,16064,-158,-69,-334
386331411,-2264,1744,15436,-23,-13,-58
386334881,-3324,1452,15408,-102,9,40
386338178,-3592,-880,16344,-53,332,-3
386341585,-3988,388,16292,-213,309,-85
386345031,-2776,-680,16232,-302,346,-345
386348674,-2804,1220,15448,-86,71,-144
386352144,-2804,2144,15716,-79,-64,21
386355528,-3840,-808,16012,110,33,107
386358911,-3912,560,15828,60,-119,111
386362294,-3016,-1024,16708,-128,38,-340
386365985,-3024,436,15444,-283,271,-298
386369494,-2848,1540,15964,-41,67,5
386372704,-3420,-592,16068,-106,236,-5
386376209,-3380,1484,15460,40,129,207
386379557,-3204,-1004,16492,-365,452,-343
386383288,-3692,488,15988,-106,191,-142
386386844,-3064,-836,16520,-226,103,-419
386390512,-2936,1532,15272,26,-163,48
386393871,-2768,1756,15576,49,-213,-4
386397254,-3716,-828,16368,-28,11,-3
386400551,-3316,268,15644,-47,84,121
386403847,-2064,-236,16112,-203,189,-426
386407491,-2524,1528,15476,-130,118,-14
386411048,-2724,1972,15568,-85,270,-8
386414434,-4012,-932,16472,-41,157,100
386417925,-3828,1408,15732,17,179,219
386421284,-3252,-1236,16512,-294,132,-456
386425014,-3024,856,15648,-164,15,-188
386428484,-2924,1444,15644,-131,-11,-310
386432128,-2780,1380,15504,66,-212,61
386435511,-3420,984,15456,-36,52,130
386438807,-3556,-1332,16760,-160,319,-171
386442562,-3432,620,16120,-14,169,124
386445921,-2524,-124,16028,-345,443,-389
386449565,-2836,1040,15412,-141,154,-249
386453208,-3076,2396,15784,-28,71,132
386456591,-3236,752,15192,127,-159,213
386460061,-4264,720,15788,80,17,56
386463184,-2908,-672,16344,-207,-55,-363
386466875,-2340,900,15380,-237,199,-309
386470385,-3092,1828,15804,-87,58,-271
386473855,-3028,820,15416,-75,137,101
386477273,-3552,1480,15664,46,238,187
386480621,-4176,-1288,17004,-104,271,75
386484178,-3416,152,16132,-176,290,-300
386487735,-2552,500,16100,-298,97,-428
386491229,-3200,700,15460,114,-177,104
386494675,-2872,1824,15372,12,-49,-69
386498058,-3832,-1020,16504,26,-133,45
386501528,-3952,220,16020,-109,276,26
386504911,-2224,276,15892,-177,17,-367
386508381,-2904,1176,15400,-258,289,-156
386512025,-2604,1976,15660,-102,233,-8
386515519,-3196,832,15364,17,-32,122
386518791,-4020,1068,15832,39,264,204
386522174,-3032,-708,16272,-112,38,-205
386525731,-2948,1160,15564,-109,71,-161
386529288,-3056,1300,15716,-168,-41,-328
386532931,-2796,1232,15548,110,-233,49
386536401,-3252,2020,15504,-30,90,249
386539788,-3292,-1564,16724,-160,252,-315
386543539,-3944,624,16232,-15,288,93
386546811,-2364,52,16012,-366,345,-365
386550281,-3164,936,15656,-76,96,-256
386553665,-3044,2436,15608,-57,91,220
386557048,-4192,-1848,16732,130,-174,184
386560691,-4080,748,15884,10,122,36
386563901,-2988,-460,16264,-159,-96,-305
386567604,-2132,1108,15408,-203,174,-333
386571188,-3028,2152,15336,-101,58,-150
386574745,-3460,84,15728,-18,213,100
386578076,-3896,1052,15936,-20,229,85
386581425,-3940,-1592,16872,-188,293,-69
386585068,-3136,572,15792,-63,333,-57
386588451,-2552,1072,15804,-265,-36,-360
386592119,-3324,336,15596,47,-106,8
386595305,-3152,1856,15384,-41,-68,-15
386598775,-3644,-1224,16508,-16,-73,-105
386602418,-3896,-60,15992,-179,387,-104
386605975,-2464,892,15688,-234,105,-437
386609532,-2488,1628,15636,-204,314,-84
386613088,-2640,1132,15968,-248,300,-224
386616756,-3440,256,15628,107,54,205
386620028,-4068,660,16240,-29,159,287
386623412,-3944,-1912,16920,-132,72,-303
386627055,-3652,548,16012,-90,147,-126
386630525,-2680,744,16008,-110,-145,-241
386634169,-2288,1624,15444,-1,-56,-94
386637552,-3276,1632,15456,-67,51,190
386640960,-2912,-1148,16716,-60,248,-29
386644492,-4056,464,16260,-203,377,-19
386647962,-3188,-1056,16544,-323,320,-325
386651692,-2904,1168,15716,-98,300,-215
386655249,-2804,1636,15820,-159,-8,-121
386658806,-3768,-244,15692,84,-172,98
386662189,-3812,1244,15360,62,-44,128
386665619,-3164,-1076,16580,-178,3,-317
386669129,-3080,336,15504,-216,373,-243
386672686,-2820,1412,16024,-216,17,-372
386676242,-2660,1572,15296,-96,274,2
386679574,-3040,1756,15212,26,93,193
386682835,-3988,-1000,16428,-6,194,130
386686305,-3752,540,16188,-121,302,-117
386689887,-3324,-1152,16620,-244,38,-446
386693506,-2876,1416,15360,8,-20,5
386696629,-3408,1540,15144,-45,-185,-109
386700272,-3684,-300,16300,121,-13,122
386703742,-3540,20,15752,-73,173,113
386707038,-2308,-288,16308,-191,90,-372
386710595,-2408,1464,15512,-281,454,-130
386714239,-2624,1776,15728,-150,195,-107
386717907,-2988,1212,15164,71,15,72
386721092,-3816,1712,15648,26,100,213
386724475,-3456,-1508,16684,60,4,-15
386727772,-3332,684,15512,-172,75,-198
386731242,-2768,1224,16104,-40,-107,-162
386734885,-2380,1744,15468,12,-120,-4
386738269,-3568,1180,15188,-39,76,191
386741676,-3552,-1312,16600,-82,386,-124
386745295,-3832,660,16016,-180,304,-6
386748679,-2920,-1056,16452,-327,435,-391
386752409,-2616,1660,15468,-211,282,-336
386756052,-3012,2336,15596,-46,-19,109
386759522,-3924,-1168,16284,90,-33,84
386762906,-3660,1768,15436,73,-118,124
386766423,-3276,-1544,16668,96,-21,147
386769846,-2516,376,15652,-381,298,-515
386773402,-2960,2112,15552,-114,-83,-213
386777046,-3144,324,15564,-72,236,44
386780377,-3444,1888,15600,-103,145,-51
386783899,-4016,-1276,16780,-82,325,134
386787456,-4336,728,16072,-28,179,100
386790864,-2836,-408,16344,-241,104,-389
386794483,-2820,1152,15620,-139,-16,-154
386798126,-2944,1816,15392,11,-130,-59
386801596,-3144,1000,15848,139,-166,171
386805153,-3736,380,15680,-85,46,169
386808449,-2988,-1208,16692,-143,307,-279
386812180,-2852,1012,16068,-108,258,69
386815674,-2528,432,15948,-304,382,-351
386819206,-2920,996,15068,-77,129,-213
386822676,-3340,2340,15628,-46,24,203
386826060,-4172,-1792,16612,-46,51,-115
386829616,-4056,388,16036,-26,9,-56
386832826,-2816,36,16280,-154,-4,-334
386836209,-2792,1472,15556,-206,61,-290
386839770,-3028,1952,15608,-13,68,184
386843174,-3500,-1420,16752,-33,278,94
386846619,-4052,696,16200,-49,205,121
386850003,-2592,-48,16000,-274,470,-178
386853559,-3208,768,15660,-105,109,-241
386857116,-3160,2252,15664,-191,84,-284
386860673,-3236,664,15388,125,-145,157
386864143,-4132,460,16008,146,-146,86
386867573,-3484,-1140,16536,-131,46,-227
386871170,-3684,240,15744,-170,219,-127
386874726,-2468,892,15832,-121,88,-196
386878196,-2608,1748,15496,-229,205,-69
386881788,-2868,1884,15528,40,195,116
386885136,-3492,120,15804,-2,153,133
386888433,-4072,508,16164,-9,215,47
386891667,-2528,588,15960,-309,99,-409
386895113,-2872,1476,15356,-71,-132,-71
386898669,-3152,1696,15292,58,-113,20
386902053,-3392,272,16028,83,-133,136
386905436,-3912,196,15932,-87,267,-41
386908819,-2368,644,15872,-238,215,-346
386912376,-2664,1424,15604,-252,272,-106
386916044,-2604,1196,16020,-244,350,-228
386919663,-3456,292,15768,72,2,164
386922786,-4092,712,16096,26,182,295
386926082,-3948,-1876,16908,-138,35,-335
386929726,-2792,1360,15416,-60,114,-79
386933196,-2768,520,16012,-157,-102,-322
386936839,-3312,872,15908,-50,-90,-108
386940334,-3304,1700,15304,-55,135,235
386943779,-2824,-1168,16692,-53,233,-18
386947336,-4060,652,16152,-149,425,27
386950719,-2672,572,15912,-337,334,-320
386954276,-2788,1108,15572,-55,146,-201
386957833,-3460,2392,15632,-138,48,-79
386961303,-3768,-588,15708,149,-108,114
386964908,-3520,1360,15520,89,-4,95
386968069,-3104,-944,16508,-145,-59,-267
386971713,-2068,1368,15388,-208,319,-254
386975356,-2824,1500,15984,-116,16,-87
386978826,-2656,1432,15436,-71,171,-3
386982245,-3084,1940,15372,16,159,183
386985593,-3432,-1392,16760,-16,163,139
386989150,-3784,272,16076,-109,340,-97
386992644,-2464,1096,15852,-285,87,-420
386996176,-2740,1468,15416,34,-65,8
386999386,-3352,1568,15228,88,-162,132
387002856,-3788,-520,16380,114,-105,84
387006326,-3536,24,15888,-219,319,-201
387009796,-2228,-388,16100,-241,74,-387
387013353,-2520,1536,15440,-209,317,-62
387016934,-2612,1768,15920,-154,197,-104
387020553,-3860,-412,15968,67,24,0
387023676,-3812,1840,15708,-13,129,239
387027146,-3548,-1676,16896,-183,124,-400
387030876,-3444,708,15624,-165,153,-205
387034433,-2768,1044,16092,-204,-82,-375
387038077,-2500,1576,15348,33,-25,-21
387041484,-3368,1436,15228,-122,33,65
387044843,-3520,-1076,16464,-34,293,-65
387048400,-3760,524,16096,-25,262,176
387051783,-2652,-508,15992,-358,367,-413
387055427,-2808,1264,15280,-102,274,-196
387059070,-3028,2148,16004,-91,-26,59
387062453,-3860,-976,16052,123,-149,132
387066111,-3932,996,15580,53,-41,152
387069306,-2968,-840,16476,-69,-43,-149
387072863,-2748,960,15420,-233,278,-238
387076420,-3044,1432,15848,-163,-14,-277
387080064,-2684,1364,15132,-77,261,26
387083486,-2648,2240,15516,-23,114,125
387086917,-4092,-1412,16856,-115,291,-11
387090585,-4068,1156,15968,-27,275,158
387094030,-2916,-728,16292,-272,64,-416
387097587,-2888,1004,15392,-144,101,-198
387101231,-2856,1788,15492,-140,-105,-320
387104961,-3044,928,15644,136,-134,164
387108431,-3228,1780,15352,-70,122,112
387111901,-3100,-1288,16560,-189,241,-252
387115656,-4000,592,16328,-78,359,85
387118928,-2468,512,16100,-310,306,-362
387122484,-2944,912,15688,-56,136,-195
387125954,-3236,2460,15752,-36,1,192
387129251,-4128,-1780,16708,139,-137,177
387132894,-4200,408,16000,-42,109,12
387136191,-2860,-44,16156,-151,-41,-280
387139751,-2040,1400,15344,-135,154,-248
387143416,-2796,1008,15980,-166,69,-198
387146948,-3272,288,15580,63,189,133
387150244,-2856,1976,15456,-29,218,147
387153714,-3756,-1288,16732,-214,326,-152
387157445,-3948,408,16216,-44,313,-5
387160741,-2636,900,15836,-219,-8,-348
387164211,-2724,1624,15424,-22,-61,-48
387167728,-3192,1716,15336,86,-172,91
387171064,-3588,-1072,16560,128,-126,142
387174708,-3892,128,15960,-149,292,-98
387178178,-2564,-868,16292,-216,128,-419
387181821,-2624,1396,15648,-249,341,-106
387185500,-2440,1400,16012,-191,212,-192
387189108,-3052,1216,15652,-18,21,-64
387192516,-3596,2196,15604,36,103,302
387195875,-3976,-1912,16912,120,-67,88
387199345,-3680,628,15816,-133,142,-164
387202902,-2892,712,16224,-174,-70,-331
387206458,-2252,1624,15512,-28,14,-121
387209928,-3228,1568,15520,-84,64,22
387213225,-3444,-680,16300,-70,282,-14
387216719,-4096,620,16324,65,212,180
387219991,-3076,-1076,16488,-348,392,-296
387223722,-3044,1060,15620,-87,258,-164
387227278,-2712,1820,15964,-160,-13,-126
387230922,-2856,1280,15500,80,-161,90
387234305,-3640,1408,15488,75,-57,132
387237688,-3192,-996,16388,9,-71,-50
387241009,-3168,476,15696,-236,343,-235
387244542,-2928,1148,16060,-108,20,-78
387248011,-2472,1536,15240,-77,268,-25
387251482,-3184,1612,15572,26,103,191
387254865,-4016,-940,16444,-35,254,117
387258335,-3796,276,16064,-138,234,-125
387261891,-3080,-944,16572,-255,74,-437
387265495,-2844,1480,15456,14,-91,42
387268745,-3380,1492,15216,-7,-148,-73
387272215,-3760,-512,16328,115,-28,101
387275685,-3388,-72,15888,-68,166,147
387279068,-2196,-284,16100,-193,94,-414
387282625,-2364,1548,15352,-275,427,-149
387286303,-2524,1592,15864,-174,223,-149
387289947,-2844,1552,15160,6,66,55
387293040,-3968,1152,15600,52,107,246
387296418,-3392,-1016,16804,-254,178,-434
387300148,-3184,964,15688,-138,0,-128
387303532,-2792,1144,15740,-157,-25,-358
387307175,-2576,1680,15412,60,-170,54
387310558,-3444,1028,15512,-64,-8,139
387313942,-3456,-1212,16664,-136,363,-191
387317696,-4052,984,16152,-32,129,152
387321055,-2588,-496,15860,-347,445,-384
387324699,-3248,528,15884,-144,146,-241
387328255,-3008,2320,15816,-31,24,97
387331552,-3972,-1288,16368,124,-111,168
387335195,-4056,792,15680,76,-15,68
387338405,-2932,-620,16476,-57,34,-121
387341900,-2552,832,15300,-225,176,-297
387345432,-3120,1728,15936,-130,72,-268
387348989,-2804,1132,15380,-58,131,82
387352372,-3800,1064,15952,-6,127,139
387355755,-3948,-1532,16796,-163,337,-54
387359399,-3520,424,15864,-21,188,117
387362782,-2852,-76,16156,-276,146,-393
387366386,-3012,1020,15392,-130,-50,-150
387369982,-2952,1812,15352,69,-112,15
387373365,-3660,-1068,16412,129,-178,146
387377009,-3864,252,15940,-84,228,28
387380305,-2204,240,15768,-228,318,-369
387383862,-2708,1276,15720,-279,301,-192
387387540,-2452,740,15800,-264,392,-283
387391087,-3028,644,15288,46,-27,119
387394359,-3828,1064,15856,37,70,254
387397655,-4132,-2036,16960,-120,25,-204
387401299,-2900,1252,15480,-38,43,-64
387404682,-2804,-80,16152,-166,-27,-353
387408239,-2984,1212,15732,-155,-55,-247
387411882,-3040,1976,15328,-50,154,222
387415377,-3432,-256,15912,-8,212,76
387418649,-4216,640,16172,-66,320,63
387421945,-2668,152,15960,-325,305,-339
387425502,-3132,892,15728,-85,99,-225
387428885,-3112,2392,15688,-26,42,183
387432269,-3404,352,15568,136,-190,165
387435739,-4088,476,15864,-20,120,9
387438948,-2932,-64,16348,-129,-131,-300
387442616,-2300,1292,15368,-166,128,-265
387446235,-2556,1220,15920,-155,74,-161
387449792,-3368,192,15728,15,188,136
387453089,-4020,876,16092,6,205,171
387456298,-3852,-1524,16940,-262,303,-152
387460029,-3264,724,15792,-24,290,-23
387463412,-2544,884,16012,-284,11,-316
387466929,-3404,596,15556,-26,-102,-70
387470352,-3144,1840,15128,47,-104,66
387473735,-3548,-1232,16656,-61,-13,-152
387477379,-3832,-32,15976,-162,362,-71
387480849,-2520,844,15792,-271,101,-442
387484405,-2424,1660,15544,-185,335,-85
387487997,-2724,1996,15484,-240,308,-227
387491630,-3400,376,15472,68,91,200
387494815,-4148,528,16152,48,159,325
387498112,-3888,-1804,17000,-189,53,-347
387501755,-2732,1392,15480,-59,91,-98
387505138,-2888,596,16136,-136,-105,-273
387508782,-3396,728,16048,-26,-88,-125
387512252,-3352,1632,15412,-45,71,211
387515660,-2828,-1060,16456,-224,224,-384
387519366,-3996,556,16252,-133,376,6
387522662,-2668,692,16016,-286,243,-287
387526219,-2924,1164,15648,-65,134,-163
387529776,-3424,2340,15424,-152,72,-73
387533246,-3904,-696,15892,135,-114,123
387536802,-3924,492,15884,69,11,121
387540037,-3208,-1172,16488,-140,-60,-307
387543742,-2100,1600,15460,-231,350,-265
387547386,-2964,1428,16096,-75,-15,-13
387550856,-2532,1356,15276,-123,191,-27
387554413,-3076,2120,15512,-6,155,204
387557796,-3440,-1644,16676,21,162,229
387561266,-3908,-92,16244,-125,359,-207
387564882,-3212,-800,16408,-301,66,-468
387568379,-2872,1244,15344,73,-109,49
387571762,-2964,1468,15744,-77,-83,-192
387575319,-3780,-436,16408,131,-155,203
387578876,-3828,664,15524,-24,244,141
387582259,-2268,-316,15944,-222,32,-444
387585816,-3532,728,15944,-219,398,-59
387589324,-2864,1380,16124,-188,208,-160
387592954,-2756,1420,15388,11,-11,-25
387596313,-3716,1808,15416,15,151,308
387599696,-4040,-1508,16564,56,-47,3
387602993,-3400,768,15724,-159,185,-164
387606549,-2860,996,15968,-156,-100,-369
387610193,-2520,1624,15428,24,-61,-51
387613576,-3360,1368,15144,-108,40,72
387616984,-3452,-1012,16480,-18,305,-60
387620516,-3924,516,16268,29,225,183
387623813,-2812,-716,16124,-356,388,-371
387627456,-2848,1076,15504,-96,278,-183
387631013,-2700,2204,15824,-114,-34,-23
387634570,-3172,1036,15340,131,-137,144
387638126,-3748,1100,15676,35,-52,67
387641447,-3072,-928,16404,-9,-73,-19
387644806,-2932,464,15600,-273,327,-321
387648363,-2944,1616,15820,-210,-9,-370
387651920,-2648,1368,15196,-68,269,33
387655303,-3232,1636,15284,-86,179,6
387658599,-4040,-1052,16680,-54,273,87
387662069,-3964,252,16124,-119,249,-133
387665673,-2924,-916,16468,-293,98,-471
387669183,-3044,1468,15468,-137,107,-191
387672826,-2844,1556,15640,-16,-208,-115
387676470,-2844,1432,15564,130,-117,131
387680027,-3744,524,15704,-72,157,121
387683410,-3188,-1320,16696,-127,231,-266
387687140,-3248,988,15872,-68,314,113
387690566,-2512,-76,15952,-294,332,-395
387694080,-2932,1196,15176,32,68,64
387697290,-3804,1632,15664,-38,-10,158
387700760,-4048,-1772,16756,27,42,-56
387704143,-3332,708,15744,8,106,51
387707266,-2952,1328,15740,-128,-93,-365
387710910,-2508,1696,15588,19,-108,12
387714296,-2984,1936,15540,-45,-47,126
387717787,-3504,-1332,16488,-127,387,-153
387721493,-3796,1152,15956,18,103,161
387724876,-2824,-572,15964,-327,470,-360
387728520,-3292,492,15892,-168,188,-236
387732077,-2892,2264,15612,-278,41,-380
387735633,-3108,856,15192,89,-37,152
387738930,-3820,1112,15616,76,-66,90
387742251,-3724,-1152,16428,-28,40,-52
387745696,-2636,708,15384,-241,194,-343
387749253,-2412,552,15964,-135,79,-298
387752723,-3048,992,15576,-44,135,70
387756020,-3596,1500,15760,-28,127,96
387759403,-3972,-1472,16824,-149,351,2
387762873,-3512,504,15688,11,122,128
387766218,-2848,-492,16388,-283,162,-427
387769813,-3096,1252,15264,108,-213,129
387773369,-2996,1712,15476,60,-101,5
387776666,-3804,-876,16696,-19,-47,-17
387780136,-3896,304,15772,-51,188,86
387783433,-2068,116,15960,-220,82,-394
387786902,-2752,1348,15136,-295,303,-170
387790588,-2720,2044,15572,-65,256,44
387793929,-4092,-1136,16332,38,-44,125
387797399,-4040,1128,15908,57,225,227
387800783,-3116,-816,16732,-83,97,-164
387804253,-2956,1016,15496,-134,-1,-193
387807809,-2904,1680,15552,-151,-11,-317
387811453,-2840,1264,15624,101,-230,109
387815034,-3088,1704,15460,-19,72,166
387818393,-3312,-1292,16756,-163,245,-229
387822123,-4324,664,16264,-15,243,140
387825506,-2380,120,16024,-349,358,-364
387829063,-3124,744,15708,-102,120,-209
387832620,-3056,2420,15620,-187,96,-301
387836177,-3268,564,15324,130,-183,175
387839650,-4040,644,15760,96,-103,116
387843054,-3448,-1244,16544,-122,-53,-221
387846760,-2280,1228,15448,-147,267,-145
387850404,-2460,900,15960,-163,81,-226
387853874,-2644,1500,15500,-203,195,-106
387857517,-2772,2212,15372,-3,216,168
387860900,-3476,-108,15868,28,82,142
387864197,-4096,480,16084,-28,285,57
387867542,-2576,368,15924,-210,137,-361
387871050,-2744,1448,15456,-51,-66,-98
387874520,-3036,1892,15176,-110,-17,-253
387878164,-3364,504,16008,113,-182,189
387881634,-4108,52,16052,8,136,234
387884757,-2692,-1000,16636,-246,161,-386
387888487,-2632,1316,15720,-117,333,35
387891999,-2576,648,16024,-294,294,-347
387895514,-3216,1016,15212,-71,5,-172
387898897,-3456,1964,15556,43,119,302
387902280,-3916,-1716,16848,-168,66,-335
387905924,-3980,776,15816,-17,113,7
387909133,-2812,48,16360,-143,-124,-365
387912690,-2260,1856,15288,-91,47,-217
387916185,-3128,1748,15424,-17,-30,215
387919630,-3564,-436,16036,-38,289,40
387923013,-4196,660,16188,-61,282,131
387926397,-2544,168,16072,-329,361,-246
387929953,-2864,1028,15700,-114,205,-265
387933597,-2524,1688,15804,-168,-17,-143
387937240,-3428,-148,15632,134,-31,138
387940735,-3460,1924,15172,83,-61,124
387944094,-3412,-1400,16604,-126,-37,-259
387947824,-3540,168,15816,-239,391,-231
387951381,-2856,1120,15856,-226,56,-398
387954937,-2388,1464,15484,-153,295,-59
387958494,-2492,1800,15840,-197,239,-117
387962138,-3704,-372,16096,23,163,210
387965570,-3692,1740,15728,63,199,259
387968904,-3492,-1572,16952,-264,74,-401
387972547,-3384,636,15756,-107,147,-140
387976104,-2768,1176,15828,-99,-137,-213
387979748,-2348,1740,15276,67,-147,16
387983131,-3524,1272,15436,-53,79,82
387986428,-3464,-1028,16456,-92,245,-67
387990008,-3764,668,16288,-200,413,17
387993403,-2912,-1080,16164,-365,387,-386
387997098,-2692,1484,15196,-174,245,-260
388000741,-2872,2260,15828,-63,-12,48
388004125,-3976,-984,16256,91,-173,107
388007594,-3840,1236,15416,61,33,84
388010804,-3144,-1152,16420,-176,-19,-358
388014538,-2868,784,15444,-224,339,-316
388018116,-2876,1276,15852,-175,50,-323
388021648,-2868,1240,15116,-84,224,20
388025031,-3220,1544,15484,-93,266,34
388028414,-4200,-1184,16552,-91,184,83
388031885,-3764,356,16012,-85,289,-172
388035354,-2920,-884,16552,-282,64,-476
388038911,-2940,1488,15280,77,-81,66
388042232,-2932,1536,15552,-26,-175,-85
388045765,-3652,-684,16412,73,-29,67
388049061,-3472,244,15676,-57,194,114
388052444,-2092,-348,16204,-216,96,-410
388056001,-2540,1588,15176,-288,375,-159
388059645,-2780,1888,15948,-129,129,-66
388063201,-2888,1088,15284,37,-5,64
388066513,-3748,1660,15592,-69,192,215
388069881,-3256,-1452,16656,38,-40,-35
388073351,-3296,680,15716,-203,135,-219
388076908,-2852,1352,15900,-170,-104,-380
388080638,-2556,1516,15468,53,-56,16
388083935,-3484,1132,15304,-104,7,110
388087318,-3432,-1076,16528,-45,317,-111
388090984,-3908,568,16204,7,216,198
388094210,-2952,-916,16212,-343,362,-395
388097815,-2712,1508,15312,-131,299,-286
388101458,-2988,2296,15760,-71,-48,117
388104928,-4020,-1096,16268,121,-146,141
388108571,-3920,1156,15476,29,-9,82
388111781,-3116,-1088,16488,11,-119,-64
388115363,-2816,540,15604,-306,349,-331
388118895,-3040,1664,15952,-165,14,-348
388122452,-2824,1172,15324,-32,229,58
388125835,-3344,1628,15328,-129,208,34
388129305,-4352,-1308,16836,-26,248,86
388132775,-3472,372,16088,-66,309,121
388136158,-2888,-384,16392,-233,28,-407
388139743,-2972,1328,15268,-130,103,-149
388143358,-2780,1692,15524,15,-196,-68
388146828,-2908,1064,15536,111,-118,146
388150385,-3752,592,15600,-81,137,84
388153682,-2340,-104,16028,-130,230,-206
388157325,-3192,860,15964,-299,387,-153
388160882,-2568,284,15980,-370,317,-389
388164442,-2840,1096,15164,59,67,106
388167783,-3144,2324,15704,-64,-6,178
388171118,-4168,-1684,16612,54,47,-64
388174502,-3368,760,15684,2,41,46
388177538,-2800,1304,15940,-167,-40,-378
388181181,-2576,1692,15500,45,-138,34
388184564,-3596,1024,15548,-93,-7,103
388187948,-3348,-1032,16520,-77,353,-111
388191615,-3788,456,16044,31,128,215
388194923,-2708,-672,16112,-349,432,-407
388198531,-2612,1520,15296,-205,220,-299
388202175,-2964,2332,15808,-22,0,127
388205471,-4072,-1280,16268,123,-79,105
388209028,-3900,1104,15424,39,-79,83
388212325,-3116,-1044,16568,-180,79,-397
388215993,-2628,604,15556,-292,216,-374
388219525,-2904,1632,15756,-122,2,-271
388222995,-2720,1100,15276,-122,230,22
388226465,-3420,1536,15644,-63,69,65
388229761,-4172,-1332,16628,-113,368,90
388233318,-3688,292,16088,-16,171,139
388236701,-2884,-472,16320,-242,130,-420
388240369,-2820,1320,15300,-160,26,-186
388243902,-2944,1764,15512,-1,-113,-60
388247372,-3712,-824,16512,93,-139,126
388250842,-3780,772,15556,-32,155,118
388254225,-2220,-216,16240,-148,324,-226
388257868,-3144,1012,15960,-290,359,-157
388261512,-2484,60,15864,-299,415,-391
388265030,-2784,1172,15128,-4,-55,52
388268278,-3900,1564,15740,-12,33,168
388271662,-4212,-1580,16596,18,13,-24
388275045,-3308,708,15700,-154,52,-155
388278515,-2964,-516,16508,-169,27,-387
388282072,-2512,1484,15452,37,-155,3
388285368,-2924,1796,15660,-57,73,97
388288665,-3448,-1172,16464,-91,230,-85
388292244,-3716,676,16036,46,192,141
388295553,-2952,-488,16144,-387,395,-351
388299161,-2736,1196,15456,-128,168,-231
388302805,-2956,2232,15920,-114,60,31
388306188,-3836,-1048,16140,86,-203,121
388309745,-3892,988,15648,71,46,79
388312868,-3128,-940,16572,-143,-111,-297
388316623,-2784,428,15580,-226,289,-304
388320155,-2868,1708,15732,-223,100,-355
388323798,-2808,1256,15352,-56,135,-8
388327182,-3496,1704,15584,-50,258,57
388330565,-3872,-1244,16492,-106,203,70
388334122,-3812,312,15984,60,237,194
388337418,-2956,-828,16636,-277,58,-444
388340999,-2924,1448,15292,-135,32,-194
388344532,-2792,1692,15564,-19,-135,-80
388348088,-3736,-728,16544,90,-195,116
388351558,-3760,712,15852,-41,194,124
388354942,-2264,-396,15988,-189,257,-213
388358585,-3356,936,15952,-194,342,-136
388362142,-2540,32,16032,-395,399,-345
388365660,-2904,1208,15360,43,-6,26
388368822,-3860,1592,15852,-40,48,174
388372205,-4068,-1492,16512,-16,7,-22
388375588,-3388,636,15584,-143,137,-170
388379145,-2948,-452,16428,-159,-85,-327
388382788,-2420,1624,15572,-216,163,-309
388386432,-3092,1816,15716,-52,3,115
388389752,-3548,-1188,16500,15,134,127
388393198,-4160,880,16288,-20,267,182
388396617,-2616,-412,16208,-366,350,-381
388400225,-3372,548,15740,-128,230,-177
388403782,-2924,2140,15992,-269,58,-371
388407339,-3112,1060,15308,142,-107,147
388410895,-4016,636,15656,53,-136,94
388414192,-3552,-1168,16388,-43,3,-146
388417686,-2608,744,15568,-111,303,7
388420958,-2424,292,16060,-170,7,-307
388424342,-2640,1216,15152,-68,243,20
388427725,-3336,1720,15452,-98,138,-25
388431195,-4252,-1000,16740,-33,296,157
388434751,-3428,24,16204,-53,253,98
388437961,-2632,196,16272,-269,47,-413
388441456,-3132,796,15656,76,-170,127
388444815,-2920,1748,15544,-45,-134,-108
388448458,-3784,-948,16552,51,-50,75
388451755,-3036,428,15672,-80,160,45
388455051,-2344,-8,16008,-190,117,-336
388458521,-2684,1384,15296,-282,294,-170
388462165,-2640,1828,15732,-74,233,-36
388465683,-3876,-868,16396,-2,51,91
388468844,-3956,1368,15772,24,160,208
388472228,-3260,-1096,16772,-274,155,-450
388475958,-3072,844,15628,-187,20,-204
388479428,-2680,1608,15768,15,-99,-60
388482811,-2880,1300,15460,56,-157,72
388486194,-3500,1044,15548,-9,129,112
388489581,-2520,-716,16392,-127,309,-146
388493244,-3336,804,16012,-234,351,-151
388496813,-2700,-24,16036,-318,427,-372
388500334,-2828,1120,15372,-35,-3,-16
388503718,-3180,2320,15584,8,24,130
388506928,-4204,-1380,16560,42,-64,11
388510311,-3396,668,15728,-151,112,-181
388513867,-2824,-392,16488,-183,2,-384
388517362,-2352,1556,15424,-225,153,-324
388520981,-3172,1840,15608,-103,118,108
388524538,-3120,720,15448,-51,146,73
388527834,-3824,1104,15836,57,206,189
388531218,-2780,-524,16204,-378,373,-422
388534861,-3208,472,15816,-128,205,-258
388538418,-3072,2144,15888,-275,125,-388
388542086,-3024,1076,15216,83,-194,133
388545531,-3128,1852,15564,60,-74,81
388548828,-3728,-1312,16552,-32,-60,-91
388552385,-2648,732,15532,-75,256,-10
388555768,-2252,372,15844,-179,7,-369
388559151,-2708,1304,15296,-49,184,83
388562534,-2560,2084,15488,-109,236,11
388566065,-4200,-1220,16824,-56,213,45
388569474,-4008,896,15856,16,295,173
388572771,-2708,-544,16392,-243,3,-447
388576241,-3012,1364,15344,-96,46,-148
388579711,-2884,1740,15544,14,-228,-43
388583181,-3740,-688,16256,126,-156,161
388586738,-3824,528,15728,-39,226,105
388590144,-2216,-156,16032,-197,198,-274
388593764,-3376,1016,15856,-213,410,-66
388597356,-2716,-300,16220,-347,360,-419
388600965,-2712,1700,15116,52,-3,81
388604174,-4212,824,15976,34,15,299
388607384,-4028,-1832,16680,-76,41,-213
388610941,-3280,1108,15376,-135,102,-98
388614501,-2788,-628,16308,-157,-93,-383
388618166,-2456,1724,15544,-202,197,-336
388621785,-2976,1952,15460,-50,-32,141
388625254,-3132,308,15472,-5,227,82
388628464,-4056,808,16068,-44,267,142
388631848,-2648,-132,15992,-350,403,-356
388635491,-3000,660,15720,-81,267,-259
388638961,-3152,2260,15868,-263,-50,-324
388642629,-3140,792,15372,153,-103,158
388646075,-3960,720,15852,58,-139,48
388649371,-3672,-1196,16448,-53,1,-106
388652841,-2572,824,15512,-251,230,-337
388656398,-2292,580,15996,-148,-18,-257
388659955,-2988,876,15088,-194,336,-68
388663425,-2736,2128,15556,-51,85,71
388666769,-4128,-1544,17064,-139,383,43
388670278,-4168,748,16220,-52,213,61
388673574,-2584,-148,16260,-258,127,-394
388677218,-2932,1296,15308,-132,27,-150
388680775,-2988,1740,15520,-146,-153,-279
388684505,-3196,824,15796,136,-73,165
388687888,-3888,260,15784,-38,21,206
388691208,-2808,-1200,16664,-192,318,-337
388694915,-2956,1040,15684,-101,258,112
388698507,-2560,188,16100,-305,380,-414
388702028,-2828,1280,15536,-112,179,-231
388705672,-3336,2200,15488,70,-12,308
388709055,-3756,-492,15844,131,-40,122
388712525,-3884,632,15948,-19,24,-19
388715846,-2992,-152,16428,-99,-45,-226
388719378,-1888,1636,15344,-215,114,-275
388723022,-2788,1196,15852,-31,-73,-90
388726492,-3332,148,15764,-27,330,62
388729788,-4136,560,16304,48,56,172
388732998,-3604,-1476,16632,-322,534,-204
388736728,-3136,876,15588,-65,191,-38
388740136,-2640,920,16176,-212,89,-269
388743582,-3452,548,15344,-27,-49,-19
388746965,-3088,1840,15140,103,-155,62
388750435,-3472,-1160,16624,-107,7,-164
388753992,-3600,-68,15828,-222,291,-173
388757548,-2604,888,15788,-173,149,-432
388761105,-2484,1580,15468,-208,267,-98
388764665,-2784,2048,15544,-168,211,-171
388768354,-3580,64,15624,-12,175,211
388771602,-4116,532,16048,41,44,294
388774812,-3656,-1812,16988,-204,182,-357
388778542,-2668,1492,15392,-149,22,-143
388782098,-2956,836,16084,-54,-57,-218
388785568,-3304,412,15920,-73,-41,-122
388789039,-3248,1560,15216,-26,89,215
388792445,-2900,-1084,16572,-12,325,11
388795892,-3996,480,16432,-186,297,-43
388799397,-2500,1024,15948,-352,432,-373
388803005,-2956,1104,15596,-68,42,-99
388806389,-3428,2348,15516,-94,6,-80
388809685,-3668,-564,15936,78,-36,108
388813068,-4016,520,15996,-47,73,-80
388816389,-2880,292,16268,-82,21,-269
388819748,-2000,1588,15520,-160,-20,-254
388823392,-3300,1880,15156,-38,43,-10
388826775,-3516,-488,16176,-43,233,31
388830158,-4320,544,16480,-91,312,100
388833541,-3244,-1392,16516,-385,445,-320
388837272,-2912,1060,15476,-58,170,-149
388840853,-2736,1360,16116,-204,129,-179
388844472,-3696,32,15776,33,-197,64
388847682,-3292,1384,15248,84,-33,61
388850978,-3480,-1116,16496,-107,-104,-222
388854795,-3400,8,15824,-181,316,-189
388858178,-2672,1188,15764,-239,192,-449
388861822,-2664,1596,15432,-134,178,-46
388865427,-2564,1792,15768,-103,256,-52
388868935,-3764,-524,16128,-20,134,131
388872405,-3728,1836,15624,81,91,247
388875702,-3348,-1584,16728,-326,185,-430
388879432,-3304,860,15696,-155,12,-184
388882902,-2904,1116,15836,-52,-28,-131
388886459,-2384,1720,15688,-12,-167,-21
388890050,-3540,1200,15164,-51,168,185
388893490,-3344,-1060,16652,-81,305,-97
388897042,-3856,308,16256,45,112,198
388900374,-2592,-312,16168,-406,496,-466
388903982,-2796,1200,15080,40,-83,17
388907279,-3080,2200,15948,-58,82,20
388910575,-3920,-1136,16300,7,-27,77
388913872,-3656,368,15788,-80,112,-104
388917366,-3076,-936,16336,-205,-16,-389
388920985,-2284,1840,15488,-268,194,-337
388924629,-3092,1564,15692,-83,125,37
388928012,-3488,-852,16292,-42,154,50
388931395,-3648,1332,15740,70,206,216
388934779,-2976,-920,16416,-359,367,-371
388938422,-3492,360,15900,-105,196,-176
388942003,-2768,1940,15964,-262,158,-427
388945622,-3016,1324,15200,70,-232,107
388949092,-3596,1108,15324,57,-60,-1
388952389,-3860,-872,16452,-6,-117,11
388955772,-2856,348,15808,-236,379,-265
388959329,-2168,-16,15776,-178,64,-377
388962799,-2736,1532,15488,-94,204,-6
388966232,-2516,2140,15724,-95,249,15
388969565,-4204,-1128,16556,-73,227,111
388973122,-3928,1468,15884,71,211,238
388976505,-3112,-996,16564,-332,90,-479
388980062,-3200,976,15420,-157,46,-197
388983532,-2748,1496,15668,-31,-89,-99
388987002,-2604,1360,15488,64,-200,51
388990409,-3768,980,15500,-39,229,179
388993769,-2340,-488,16240,-136,293,-142
388997412,-3700,600,16084,-237,383,-108
389001004,-2624,-316,16176,-414,486,-423
389004612,-2860,1396,14968,33,-83,38
389007909,-3184,2500,15696,20,58,216
389011205,-4108,-1648,16588,-17,1,-62
389014592,-3308,704,15616,-118,163,-111
389018170,-3092,-828,16348,-137,-141,-344
389021876,-2312,1112,15512,-304,289,-338
389025519,-2976,1816,15752,-54,2,109
389028816,-3436,-1112,16548,-50,164,45
389032286,-3668,1440,15776,36,197,206
389035669,-2796,-864,16224,-170,293,12
389039139,-3256,524,15924,-50,252,-187
389042633,-2864,1988,16128,-299,44,-408
389046166,-3104,1156,15332,112,-129,124
389049722,-3672,1124,15312,24,-81,5
389052932,-3684,-800,16336,16,-100,-18
389056402,-2888,308,15768,-292,350,-285
389059959,-2172,360,15816,-211,22,-353
389063429,-2672,1184,15312,-61,253,17
389066914,-2628,1968,15860,-168,141,-74
389070369,-4024,-620,16348,25,237,183
389073752,-4204,640,16184,5,218,207
389076962,-2904,-392,16332,-293,94,-444
389080519,-3040,1080,15428,-94,90,-112
389083988,-2844,1544,15748,-90,-168,-167
389087632,-2832,1352,15768,145,-139,123
389091212,-3784,596,15524,-112,140,80
389094572,-2260,-208,16176,-109,284,-199
389098216,-3408,624,15912,-327,389,-165
389101811,-2364,216,15960,-366,334,-462
389105329,-3004,872,15148,-41,172,-182
389108799,-2872,2556,15852,-62,-32,98
389112182,-4032,-1676,16640,30,72,12
389115503,-3412,744,15672,9,1,30
389118428,-2952,1012,15772,-87,-58,-350
389121985,-2240,1680,15600,-8,-156,-54
389125455,-3496,1196,15484,-38,21,147
389128838,-3504,-1152,16424,-119,373,-127
389132569,-3916,1124,16120,41,75,194
389135865,-2640,-596,16268,-404,532,-412
389139512,-3456,424,15704,-106,142,-222
389143090,-2892,2072,15916,-72,50,8
389146275,-3912,-816,16120,80,-110,125
389149745,-3852,776,15488,89,-13,104
389153042,-3104,-844,16544,-210,3,-359
389156512,-2584,628,15500,-265,243,-267
389160068,-3160,1372,15944,-76,98,18
389163365,-2604,1388,15204,-107,158,13
389166883,-3240,1676,15772,99,159,257
389170218,-3060,-1296,16256,-108,325,87
389173775,-3788,-52,16140,-91,215,-214
389177245,-2716,2056,15932,-326,183,-441
389180888,-2936,1040,15228,89,-205,100
389184358,-2912,1692,15740,17,-70,-72
389187742,-3824,-744,16564,34,-127,55
389191148,-3252,240,15648,-37,186,87
389194421,-2332,-232,15940,-203,60,-366
389197978,-2788,1472,15428,-272,352,-140
389201625,-2552,1696,15764,-150,264,-103
389205300,-2880,1116,15248,15,-37,32
389208562,-3900,1548,15484,51,229,257
389211945,-3280,-1240,16436,-13,-15,-60
389215526,-3096,836,15744,-151,132,-206
389219058,-2960,1308,15716,-149,-32,-337
389222702,-2428,1480,15672,86,-183,45
389226085,-3400,1204,15308,-62,133,171
389229555,-3532,-1324,16904,-81,200,-128
389233199,-3904,884,16180,12,223,175
389236495,-2724,-496,16024,-390,397,-398
389240163,-3312,516,15720,-82,144,-260
389243609,-2880,2460,15896,-114,34,102
389247079,-3240,712,15216,123,-210,186
389250549,-3808,984,15648,56,63,83
389253672,-3024,-876,16220,-160,-73,-347
389257315,-2608,784,15512,-222,305,-328
389260872,-3220,1520,15676,-170,32,-321
389264432,-2836,1112,15416,-48,185,85
389267860,-3544,1196,15940,-32,210,98
389271195,-4128,-1444,16760,-127,252,15
389274752,-3688,288,15936,60,233,181
389278048,-2664,-440,16212,-308,88,-450
389281605,-2992,1216,15340,122,-125,112
389285162,-3064,1680,15624,-27,-109,-59
389288719,-3848,-916,16516,125,-215,164
389292298,-3724,412,15784,-104,301,64
389295658,-2320,-32,15968,-151,187,-254
389299215,-2948,728,16028,-281,403,-180
389302772,-2448,2140,15488,-392,378,-394
389306451,-3052,884,15100,73,-18,158
389309712,-3824,1436,16076,-59,98,184
389313095,-4052,-1788,16852,-43,28,-111
389316677,-3248,860,15600,40,123,27
389319862,-2820,-176,16416,-163,-112,-368
389323592,-2512,1676,15648,-182,161,-276
389327236,-3124,1780,15388,-76,11,113
389330619,-3332,-1184,16480,-31,176,105
389334176,-4084,716,16144,-11,237,126
389337559,-2568,-220,16076,-277,358,-171
389341227,-3308,664,15816,-101,215,-235
389344759,-2536,536,16140,-294,39,-383
389348229,-3216,824,15316,193,-166,219
389351699,-3164,1688,15508,11,-74,25
389354996,-3616,-1084,16604,-38,-93,-117
389358639,-2492,836,15636,-140,406,-80
389362109,-2384,660,15848,-115,-45,-255
389365714,-2604,1288,15828,-230,352,-150
389369309,-2700,2320,15420,-28,80,146
389372693,-3484,200,15324,59,57,206
389375902,-4248,908,16088,0,209,111
389379112,-2952,-276,16432,-277,69,-395
389382669,-2692,1280,15328,-135,80,-156
389386225,-2888,1808,15236,18,-173,-18
389389719,-3008,828,16004,154,-141,135
389393166,-3864,396,15640,-159,228,-6
389396549,-2976,-1016,16588,-135,191,-297
389400279,-2924,1000,15888,-333,392,-181
389403923,-2320,828,15960,-305,322,-349
389407514,-3068,992,15384,-7,66,-124
389410776,-3140,2528,15652,-57,37,184
389414162,-4232,-1760,16752,8,74,-75
389417480,-4188,72,15776,-31,98,-63
389420665,-2928,256,16204,-118,-102,-325
389424309,-2852,1168,15880,-175,154,-249
389427952,-3368,1748,15424,-48,21,189
389431336,-3388,-1424,16764,3,271,119
389434719,-4180,980,16328,-50,159,127
389438102,-2580,-220,16084,-322,446,-430
389441770,-2992,896,15676,-171,162,-327
389445302,-3016,2392,15704,-190,-22,-205
389448946,-3468,-28,15504,82,-21,155
389452242,-4020,932,15580,26,-161,37
389455539,-3692,-1304,16764,-46,11,-133
389459096,-2312,1216,15664,-244,334,-218
389462739,-2376,1092,15644,-63,35,-150
389466258,-3240,532,15556,-214,275,-84
389469679,-2740,2248,15460,8,119,140
389472976,-4044,-1624,16780,-226,407,-130
389476706,-4400,380,16188,13,157,39
389479916,-2564,624,16152,-272,135,-413
389483472,-2740,1472,15332,-78,-97,-84
389486942,-2992,1608,15472,65,-88,20
389490262,-3432,456,15988,121,-164,176
389493709,-3804,8,15768,-118,284,-56
389497005,-2256,560,15676,-210,251,-375
389500562,-2848,1268,15908,-259,260,-123
389504206,-2412,892,15996,-245,348,-310
389507797,-3104,796,15132,34,-1,161
389510972,-4256,780,16164,55,20,310
389514185,-4008,-1928,17056,-190,155,-283
389517937,-2992,1244,15288,-48,4,-26
389521208,-2956,160,16272,-134,12,-330
389524679,-2892,1232,15864,121,-232,178
389528235,-3324,1592,15436,-20,57,249
389531619,-3028,-1312,16648,-208,275,-366
389535349,-4156,656,16344,-30,172,97
389538645,-2564,272,16060,-387,481,-364
389542227,-3152,864,15672,-71,65,-281
389545585,-3208,2572,15656,10,68,240
389548882,-4112,-1904,16740,83,-121,167
389552439,-3956,700,15744,49,83,12
389555562,-2856,-264,16264,-163,-80,-347
389559205,-2188,1304,15492,-215,124,-331
389562849,-3280,1860,15580,-56,33,-145
389566379,-3332,260,15832,-30,163,74
389569615,-4008,1044,16208,12,269,151
389572998,-3960,-1596,16732,-236,341,-111
389576729,-3184,600,15816,-9,189,0
389579852,-2888,2560,15708,-294,132,-358
389583495,-3344,748,15332,166,-223,195
389586965,-3116,1740,15136,39,-34,67
389590285,-3556,-1164,16812,-4,-122,-104
389593905,-3900,28,15752,-100,330,-46
389597288,-2240,648,15740,-149,-38,-285
389600845,-2652,1488,15716,-236,283,-147
389604489,-2624,2164,15416,-83,184,80
389607907,-3228,408,15420,39,17,150
389611081,-4140,820,16228,49,224,169
389614382,-2804,-240,16328,-322,90,-446
389617959,-2792,1368,15228,-72,25,-114
389621405,-2960,1568,15496,-37,-144,-72
389624962,-3088,1116,15932,150,-198,159
389628518,-3752,264,15660,-74,144,227
389631902,-3072,-1208,16624,-146,190,-322
389635632,-3076,1036,15852,-43,295,54
389639015,-2368,524,15876,-355,341,-388
389642596,-3000,884,14900,-24,96,-160
389645955,-3160,2616,15732,-42,-30,188
389649425,-4180,-1920,16988,-35,98,-98
389652895,-3968,444,15740,-40,89,-29
389656192,-2976,-376,16360,-110,-102,-346
389659922,-2124,1284,15556,-240,221,-285
389663565,-3388,1720,15428,-61,-69,-147
389667170,-3024,668,15656,-13,265,62
389670418,-3800,888,16268,-23,211,179
389673802,-3992,-1652,16736,-221,355,-126
389677532,-3324,604,15764,-31,273,15
389680829,-2608,540,16264,-259,24,-377
389684299,-3308,728,15436,141,-84,163
389687682,-3076,1932,15196,45,-142,89
389691088,-3664,-1264,16732,-38,-36,-138
389694709,-3748,20,15868,-193,374,-84
389698092,-2404,532,15676,-71,-35,-258
389701562,-2680,1376,15760,-235,398,-93
389705119,-2544,2096,15412,-65,132,95
389708537,-3408,420,15204,60,148,179
389711798,-3968,880,16196,27,119,129
389715119,-2732,-328,16260,-267,197,-405
389718738,-2932,1236,15304,-159,25,-166
389722295,-3068,1664,15448,-79,-138,-273
389725939,-2880,1208,15776,71,-112,109
389729409,-3460,1736,15196,-76,8,213
389732705,-2952,-1156,16760,-139,314,-335
389736435,-4200,616,16460,-114,212,35
389739843,-2500,404,15896,-285,388,-368
389743375,-3020,968,15504,-88,156,-226
389746845,-3320,2448,15716,10,-16,219
389750229,-4104,-1888,16924,120,-25,183
389753785,-3928,652,15868,-34,52,-29
389757082,-2964,-288,16412,-40,-14,-212
389760639,-2080,1328,15364,-240,121,-326
389764286,-3440,1752,15456,-48,-47,-117
389767887,-3156,440,15804,-59,239,74
389771135,-4192,776,16136,8,91,181
389774258,-3760,-1412,16652,-227,445,-134
389777989,-3128,548,15952,-28,137,26
389781285,-2676,968,16044,-226,133,-354
389784842,-3400,528,15516,173,-213,184
389788312,-3052,1904,15260,80,-82,47
389791632,-3704,-1300,16804,-69,-89,-147
389795252,-3716,-44,15784,-178,274,-86
389798722,-2356,600,15840,-132,58,-266
389802192,-2752,1244,15756,-254,230,-174
389805835,-2492,2352,15408,3,237,119
389809167,-3424,368,15492,79,-13,194
389812428,-4004,800,16316,11,234,113
389815749,-2672,-68,16268,-316,77,-417
389819195,-2960,1408,15320,-78,-33,-136
389822752,-3052,1712,15488,4,-109,4
389825961,-3908,-928,16712,125,-202,137
389829518,-3736,260,15708,-95,314,50
389832815,-2304,180,15924,-184,183,-286
389836371,-2916,1124,15748,-218,357,-157
389840039,-2548,352,16036,-334,395,-365
389843572,-3116,924,15200,92,-27,161
389846868,-4052,1236,16140,-41,111,232
389850338,-4092,-1852,16760,-60,7,-175
389853808,-2944,936,15532,11,146,9
389856931,-3116,1168,16152,-126,-151,-330
389860661,-2560,1432,15576,53,-75,34
389863958,-3248,1812,15480,-50,9,150
389867303,-3104,-1108,16524,-111,298,-202
389870985,-4152,744,16504,10,229,170
389874281,-2512,36,15872,-365,370,-410
389877751,-2900,1004,15108,-40,182,-189
389881308,-3260,2348,15960,-91,-30,100
389884778,-3932,-1408,16360,130,-159,195
389888421,-3896,628,15652,11,42,42
389891568,-3040,-680,16416,-96,-51,-349
389895101,-2428,876,15608,-302,285,-328
389898658,-3372,1768,15588,-116,-46,-256
389902301,-2772,884,15328,-31,256,55
389905598,-3908,1080,15964,-19,64,131
389908984,-4068,-1496,16676,-163,421,-50
389912660,-3520,484,15612,0,215,91
389915772,-2756,-68,16388,-264,74,-396
389919218,-3104,1172,15300,55,-173,119
389922688,-3764,1092,15348,60,-174,-8
389926071,-3652,-924,16852,-15,-16,-37
389929541,-2740,524,15468,-147,226,16
389932924,-2128,200,15912,-89,63,-337
389936307,-2668,1364,15312,-134,182,-4
389939802,-2484,2188,15652,-49,141,25
389943160,-4132,-1188,16376,-130,311,82
389946717,-4024,1216,16180,64,103,216
389950101,-3076,-828,16736,-313,181,-440
389953744,-3004,968,15408,-150,-25,-199
389957301,-3000,1608,15496,22,-60,-79
389960684,-2732,1328,15788,66,-170,73
389964067,-3476,900,15368,-89,245,142
389967500,-2208,-424,15832,-108,300,-188
389971094,-3508,708,16228,-289,324,-176
389974651,-2296,296,15932,-345,472,-385
389978208,-3020,880,15128,41,-65,78
389981417,-3664,1884,15936,-25,60,145
389984801,-4184,-1548,16592,-12,15,-30
389988270,-3452,652,15652,55,-7,54
389991417,-2912,1084,15976,-159,-42,-364
389995037,-2096,1744,15404,25,-141,-29
389998507,-3280,1672,15636,-14,99,166
390001890,-3636,-1308,16780,-69,257,-124
390005534,-3916,1152,16240,27,207,177
390008917,-2568,-764,16092,-419,408,-396
390012564,-3380,524,15660,-46,170,-236
390016073,-2852,2064,16016,-141,55,39
390019414,-3144,1012,15284,101,-196,135
390022971,-3724,1040,15408,82,97,141
390026267,-3028,-904,16448,6,-132,-59
390029650,-2652,736,15604,-243,342,-288
390033207,-3260,1296,15828,-133,3,-305
390036677,-2388,1408,15332,-88,201,-24
390040172,-3336,1876,15788,-75,227,9
390043443,-4296,-1200,16540,-88,271,101
390047000,-3812,84,16064,-118,260,-239
390050470,-2852,-252,16244,-299,31,-436
390054027,-2884,1108,15352,77,-121,51
390057410,-3120,1676,15840,-78,-116,-125
390061054,-3748,-828,16760,107,-180,149
390064713,-3852,368,15592,-159,258,65
390067994,-2140,-80,16012,-164,-3,-380
390071464,-3280,836,16092,-268,418,-119
390075020,-2396,1812,15880,-387,364,-412
390078664,-3020,1040,15096,84,31,82
390081874,-3860,1600,15792,19,121,254
390085257,-4172,-1472,16704,48,-44,-10
390088727,-3204,616,15776,-177,148,-180
390092308,-3184,-408,16260,-128,-135,-385
390096014,-2248,1816,15416,-272,286,-321
390099658,-3412,1756,15640,-31,-37,143
390103127,-3456,-1208,16724,-29,192,44
390106598,-3800,1468,15908,18,194,211
390109981,-2804,-984,16280,-153,300,21
390113451,-3152,280,15800,-169,290,-324
390117053,-2956,2488,15732,-283,21,-401
390120564,-3316,588,15568,125,-135,151
390124034,-3620,1304,15244,-24,-40,-49
390127504,-3592,-1188,16736,46,-154,-37
390131061,-3868,120,15776,-142,367,19
390134444,-2292,272,15844,-116,-67,-317
390138001,-2676,1252,15264,-272,353,-170
390141669,-2380,2244,15724,-67,152,28
390145028,-3100,680,15208,54,-42,202
390148324,-3892,1216,15884,-19,226,154
390151794,-3056,-696,16444,-76,26,-150
390155264,-3072,936,15540,-150,89,-162
390158734,-2980,1744,15744,-186,-93,-348
390162378,-2748,1280,15648,128,-158,112
390165983,-3312,1620,15484,-104,83,125
390169405,-3228,-1072,16848,-92,222,-172
390173048,-4148,600,16192,7,267,172
390176258,-2444,88,16024,-382,359,-449
390179728,-2820,1056,15176,-65,165,-219
390183284,-3216,2252,15760,-63,1,143
390186581,-3964,-1576,16536,30,38,-1
390189902,-3936,600,15608,-2,73,54
390193001,-2996,-532,16480,-95,-136,-304
390196644,-2352,1624,15412,-265,303,-277
390200288,-3260,1564,15612,-86,-37,58
390203671,-3416,-852,16672,-38,223,51
390207054,-3748,972,16064,38,119,194
390210351,-2644,-344,16020,-399,500,-467
390213994,-3312,532,15676,-63,178,-190
390217506,-2808,2060,15876,-107,30,2
390220760,-3232,1192,15376,127,-101,161
390224317,-3564,952,15372,71,-44,82
390227527,-3296,-860,16416,53,-31,-27
390230910,-2812,332,15660,-305,254,-320
390234467,-3148,1496,15760,-126,11,-324
390238024,-2736,1184,15156,-125,210,-13
390241605,-3176,1968,15660,-127,123,-57
390245137,-4116,-916,16320,-30,319,170
390248607,-3828,-152,16012,31,127,179
390251991,-2824,-212,16492,-280,149,-428
390255634,-3004,988,15328,-156,35,-101
390259104,-2868,1572,15560,-33,-97,-146
390262661,-2736,1564,15508,105,-111,114
390266266,-3748,540,15572,-77,167,100
390269601,-3204,-1180,16784,-116,342,-236
390273331,-3456,684,16020,-13,194,192
390276714,-2560,-220,15980,-342,424,-428
390280358,-2732,1552,15012,-183,186,-320
390284001,-3016,2580,15832,63,-25,281
390287385,-4116,-1956,16704,143,-34,147
390290966,-3940,1060,15388,12,-16,56
390294238,-3196,-868,16528,-113,-4,-336
390297795,-2208,1100,15492,-332,281,-424
390301438,-3324,1660,15500,-22,-120,-178
390305082,-2940,916,15596,-105,253,16
390308465,-2544,2472,15504,9,63,171
390311674,-4132,-1748,16824,-223,480,-77
390315341,-3400,556,15828,-13,155,45
390318650,-2664,104,16144,-273,124,-383
390322171,-3004,1076,15136,-127,32,-152
390325728,-3116,1732,15296,53,-171,-3
390329111,-3868,-1056,16768,-1,-47,-18
390332581,-3668,332,15656,-116,222,23
390335965,-2252,152,15812,-138,103,-371
390339525,-3160,1240,15812,-284,384,-144
390343189,-2464,1852,15808,-273,284,-344
390346808,-2872,1316,15068,-7,62,120
390350105,-4104,1008,15932,30,-60,359
390353488,-4048,-2252,17132,-111,160,-236
390357218,-2868,1280,15280,-86,123,-16
390360688,-3268,-448,16528,-57,-92,-281
390364249,-2492,1664,15740,-277,239,-387
390367937,-3368,1924,15276,-31,-39,205
390371358,-3236,60,15804,13,250,72
390374482,-3976,928,16336,-36,123,156
390377865,-2532,-172,15912,-382,481,-397
390381508,-3292,688,15840,-74,131,-224
390384978,-2884,2340,15968,-277,67,-353
390388535,-3392,720,15376,134,-104,170
390392030,-3836,712,15400,55,-150,27
390395302,-3716,-1136,16492,-16,-29,-128
390398945,-2576,892,15528,-195,269,-51
390402415,-2448,272,15880,-107,32,-269
390405885,-2912,1300,15252,-264,364,-152
390409529,-2652,2128,15600,-20,110,110
390412999,-4092,-1400,16696,41,140,137
390416492,-3956,1088,15952,41,116,144
390419887,-2876,-516,16336,-75,80,-187
390423322,-2832,1320,15456,-142,-9,-157
390426879,-2932,1524,15596,-67,-135,-246
390430522,-2784,1200,15828,76,-142,114
390433992,-3836,388,15692,-38,22,220
390437288,-3252,-1496,17116,-168,306,-303
390441043,-4196,636,16240,-94,227,82
390444315,-2492,168,16000,-279,415,-359
390447872,-2920,1040,15316,-104,122,-199
390451516,-3168,2420,15748,2,28,145
390454725,-4064,-1660,16728,120,-65,171
390458282,-3888,756,15636,50,15,31
390461405,-3204,-464,16316,-166,41,-360
390465010,-2032,1260,15468,-261,168,-332
390468605,-3432,1748,15528,-64,108,126
390472075,-2964,684,15504,-81,201,46
390475372,-4012,1020,16016,69,161,217
390478755,-2700,-448,16064,-247,429,-86
390482312,-3308,512,15764,-89,89,-198
390485695,-3104,2016,16084,-243,170,-379
390489342,-3044,1092,15340,110,-211,119
390492925,-3024,1808,15448,89,-106,39
390496278,-3780,-1084,16404,-11,-102,-82
390499922,-3784,204,15896,-66,199,11
390503219,-2204,436,15780,-180,44,-326
390506689,-2696,1292,15240,-271,286,-151
390510332,-2408,2308,15588,-95,196,67
390513715,-4124,-1332,16660,43,-13,155
390517209,-4048,1136,16044,78,214,197
390520604,-2984,-768,16448,-120,66,-166
390524125,-3064,976,15392,-111,35,-146
390527595,-2900,1508,15736,-125,35,-339
390531152,-2788,1304,15660,67,-247,78
390534535,-3812,712,15720,-104,142,130
390538005,-3252,-1096,16608,-112,182,-189
390541760,-4388,580,16544,0,231,146
390544945,-2452,224,15976,-394,388,-411
390548502,-2824,864,14924,-51,71,-185
390551885,-3128,2460,15988,-71,64,91
390555182,-4168,-1496,16688,38,-26,8
390558478,-3476,732,15736,42,136,41
390561688,-3128,-548,16304,-161,-95,-353
390565392,-2332,1660,15568,-200,230,-321
390568975,-3388,1520,15684,-103,16,73
390572358,-3412,-1012,16368,-16,128,52
390575828,-3928,1184,15984,1,184,210
390579125,-2708,-700,16372,-350,369,-394
390582768,-3600,348,15796,-39,244,-113
390586238,-2800,1672,16404,-165,8,-139
390589733,-2964,1596,15184,88,-138,133
390593178,-3800,536,15376,56,-37,120
390596475,-3764,-936,16524,-5,-91,-119
390599945,-2748,520,15532,-262,345,-222
390603502,-2324,-216,15868,-164,-9,-383
390607058,-2484,1760,14988,-48,248,33
390610441,-2272,1996,15872,-131,142,-2
390613912,-4236,-740,16596,-48,342,149
390617405,-4140,740,15876,51,155,210
390620713,-2852,-464,16336,-276,119,-449
390624322,-3044,1044,15528,-107,90,-110
390627878,-2776,1344,15596,-79,-144,-156
390631522,-2544,1672,15552,95,-125,85
390634905,-3836,664,15756,-62,122,116
390638288,-2140,-244,15992,-117,287,-209
390641956,-3468,860,15928,-263,319,-118
390645489,-2628,-248,16008,-405,398,-434
390649132,-2788,1272,15200,-77,195,-235
390652689,-3136,2300,16008,-56,-40,123
390656159,-4136,-1452,16640,164,-133,167
390659802,-3948,840,15672,18,23,67
390662925,-3084,-764,16432,-111,-15,-369
390666617,-2404,948,15728,-293,270,-354
390670126,-3292,1664,15664,-108,-81,-231
390673769,-2804,948,15156,-47,264,32
390677066,-3652,1524,15864,-41,85,122
390680449,-4068,-1544,16760,-124,409,4
390683919,-3548,376,15860,-17,188,117
390687302,-2728,-544,16524,-268,129,-389
390690970,-3092,1256,15304,-161,60,-183
390694502,-2912,1596,15424,28,-168,-62
390697972,-3752,-772,16368,143,-111,137
390701529,-3796,624,15796,-102,169,46
390704912,-2272,-92,15928,-107,194,-276
390708469,-3232,832,15816,-330,436,-158
390712026,-2516,1800,15968,-299,303,-385
390715692,-2772,1368,15008,29,49,67
390718879,-3964,1204,15792,-10,-31,293
390722384,-4168,-2028,16992,-48,119,-173
390725993,-3032,1080,15628,-38,50,14
390729289,-3116,-480,16268,-128,-15,-329
390732933,-2568,1748,15612,-246,222,-354
390736576,-3156,1788,15624,-70,-2,185
390739984,-3256,480,15384,-28,275,63
390743256,-3928,908,16380,38,88,199
390746466,-2604,-288,16012,-363,464,-421
390750109,-3328,708,15624,-132,143,-197
390753666,-2912,1948,16072,-229,41,-330
390757223,-3220,996,15460,66,-89,126
390760519,-3864,864,15456,95,-25,121
390763816,-3192,-752,16456,-4,19,-93
390767160,-2576,900,15500,-267,210,-304
390770669,-3004,1520,15884,-88,26,-272
390774139,-2808,1256,15220,-89,211,43
390777522,-3488,1456,15828,96,109,256
390780905,-4076,-1308,16668,-142,384,40
390784462,-3660,260,15808,-73,191,-161
390787932,-2916,-452,16340,-233,112,-407
390791600,-2840,1276,15344,-165,8,-169
390795046,-2776,1664,15352,5,-125,-88
390798429,-3752,-708,16656,51,-94,67
390801725,-3004,340,15864,-123,208,46
390805109,-2376,-96,15936,-141,90,-347
390808579,-2456,1440,15404,-301,309,-164
390812222,-2392,2112,15796,-88,257,-32
390815715,-3128,956,15000,2,-11,87
390818815,-3800,1672,15752,49,119,224
390822202,-3240,-1280,16564,-281,157,-451
390825963,-3140,952,15480,-125,15,-148
390829399,-3000,1140,15736,-111,-5,-175
390832955,-2412,1620,15880,39,-166,12
390836339,-3548,1116,15404,-71,231,143
390839833,-3272,-1124,16568,-94,265,-115
390843452,-3824,608,16096,39,148,143
390846748,-2636,-272,16024,-385,422,-402
390850392,-2880,1108,15164,-101,129,-260
390854036,-2868,2496,15916,-59,71,96
390857332,-4144,-1416,16580,129,-241,213
390860976,-3904,1004,15508,73,83,80
390864189,-3124,-868,16452,-175,-97,-349
390867877,-2764,568,15704,-256,277,-322
390871386,-3152,1452,15864,-147,77,-307
390874942,-2740,1168,15180,-69,168,11
390878326,-3504,1600,15728,-37,182,70
390881709,-4200,-1228,16596,-116,264,49
390885266,-3664,284,15968,50,166,179
390888562,-2912,-604,16356,-310,139,-412
390892230,-2960,1324,15220,-124,-32,-175
390895849,-2892,1588,15580,-15,-43,-91
390899319,-3672,-580,16480,58,-178,50
390902702,-3708,704,15552,-46,181,133
390906085,-2120,-240,16040,-224,69,-430
390909642,-3324,796,15892,-304,343,-150
390913199,-2532,1960,15740,-323,406,-376
390916866,-2928,1004,15252,-1,-60,51
390920139,-3788,1832,15688,-28,7,145
390923435,-4280,-1652,16596,-20,47,-20
390926941,-3324,696,15704,-96,34,-178
390930289,-3120,1196,15884,-174,9,-331
390933759,-2484,1636,15632,81,-216,8
390937055,-3420,1204,15140,-77,105,113
390940550,-3476,-952,16696,-81,212,-76
390943995,-3924,348,16236,-235,446,-130
390947552,-2480,-500,16216,-403,400,-414
390951196,-2928,1180,15176,-90,120,-204
390954752,-2812,2016,16160,-103,110,-29
390958309,-3084,1040,15316,88,-245,135
390961779,-3688,1180,15272,75,67,103
390965125,-3084,-1008,16524,5,-87,-41
390968459,-2784,604,15680,-260,325,-297
390972016,-3020,1436,15916,-181,113,-356
390975659,-2704,1224,15304,-94,183,35
390979042,-3520,1636,15656,-78,216,41
390982426,-4120,-1252,16676,-63,209,87
390985896,-3864,312,16144,65,207,223
390989196,-3064,-720,16372,-281,85,-447
390992773,-2800,1272,15448,63,-145,65
390996132,-2980,1548,15696,-64,-59,-104
390999689,-3768,-636,16472,128,-149,122
391003246,-3584,652,15612,-83,239,114
391006629,-2276,-184,16044,-174,20,-405
391010186,-3428,752,15856,-268,413,-143
391013742,-2400,1564,15900,-161,196,-100
391017409,-2924,1120,15124,-21,1,36
391020596,-3784,1732,15756,29,148,267
391023979,-3440,-1460,16632,2,-32,-20
391027397,-3404,748,15744,-107,130,-118
391030919,-2840,932,15684,-189,-90,-404
391034476,-2272,1824,15588,60,-84,-12
391037859,-3452,1184,15296,-110,40,83
391041267,-3264,-788,16460,-29,285,-83
391044712,-3840,492,16032,46,243,208
391048008,-2840,-616,16224,-341,349,-370
391051652,-2772,1144,15388,-41,98,-94
391055035,-2812,2168,16000,-95,-29,-5
391058419,-3832,-924,16212,121,44,114
391061802,-3820,508,15904,23,-19,59
391065114,-3256,-1000,16504,-131,-32,-307
391068742,-2068,1668,15368,-309,351,-303
391072385,-3064,1356,15616,-37,-25,-43
391075855,-2628,1416,15464,-46,231,16
391079239,-3260,1712,15536,49,70,243
391082535,-3200,-1372,16512,-357,477,-332
391086265,-3644,364,16216,-93,211,-151
391089760,-2740,1488,16036,-260,90,-409
391093292,-2836,1428,15320,-6,-104,27
391096675,-3412,1580,15108,-51,-182,-83
391100232,-3692,-648,16472,83,-40,74
391103529,-3304,256,15680,-92,142,99
391106825,-2164,-384,16120,-167,124,-394
391110469,-2500,1632,15284,-193,194,-86
391114029,-2500,1636,15840,-128,210,-102
391117692,-3740,-260,15920,1,77,1
391120705,-3996,480,16240,51,82,310
391123915,-3656,-1720,16836,-250,212,-413
391127684,-2848,1596,15400,-143,34,-186
391131202,-2896,932,15968,-48,-67,-183
391134672,-2332,1792,15432,-38,-42,-81
391138142,-3584,1260,15376,-70,91,201
391141550,-2564,-876,16272,-52,395,-51
391144995,-4020,564,16212,-188,227,-36
391148465,-2400,828,16012,-330,417,-353
391152022,-2816,1400,15264,-113,51,-188
391155579,-3480,2092,15500,-44,-41,16
391158962,-3796,-1024,16164,29,57,88
391162258,-3792,608,15676,-61,41,-65
391165603,-3164,-1176,16460,-99,3,-313
391169025,-1852,1816,15368,-135,-5,-175
391172582,-3184,1472,15736,23,-23,31
391175878,-3300,-624,16344,-53,283,22
391179261,-4192,744,16232,-70,305,89
391182558,-3460,-1308,16524,-349,450,-283
391186288,-3016,948,15624,-80,170,-162
391189783,-2700,1676,16044,-166,138,-164
391193402,-3572,-300,15880,28,-148,50
391196785,-3192,1616,14996,62,-44,37
391200081,-3604,-1384,16536,-69,-96,-160
391203725,-3536,-128,15788,-234,314,-232
391207368,-2800,1064,15724,-171,148,-382
391211012,-2540,1476,15512,-170,179,-70
391214592,-2488,1852,15920,-149,267,-138
391218212,-3816,-380,16032,-9,17,15
391221422,-3684,1912,15684,47,78,246
391224718,-3560,-1652,16888,-229,147,-353
391228484,-3524,516,15640,-116,53,-154
391231919,-2804,1072,15796,-82,-51,-217
391235475,-2280,1684,15520,-33,-109,-22
391239036,-3440,1348,15144,-39,145,199
391242527,-3480,-988,16576,-85,354,-67
391245972,-4036,604,16264,-210,265,-59
391249442,-2748,-920,16232,-328,476,-346
391253085,-2820,1128,15372,-139,218,-219
391256729,-2832,2012,15816,-82,50,-5
391260026,-3916,-772,15912,85,-67,105
391263409,-3664,1260,15256,94,-32,106
391266840,-3184,-1124,16608,-166,12,-327
391270436,-2900,512,15572,-284,292,-324
391273992,-3072,1316,15820,-126,3,-337
391277462,-2476,1496,15372,-153,199,-6
391280932,-3268,1836,15600,112,118,222
391284402,-4124,-1016,16668,-99,319,87
391287872,-3800,180,16092,-37,180,-123
391291367,-3096,-928,16628,-307,195,-455
391294986,-2964,1384,15372,-164,-30,-151
391298629,-2924,1452,15880,-28,-36,-152
391302186,-2524,1584,15772,61,-169,46
391305569,-3692,736,15576,-79,187,123
391308952,-2248,-448,16092,-106,338,-221
391312596,-3560,612,16024,-256,344,-91
391316089,-2500,1672,15848,-365,476,-415
391319710,-2980,1256,15088,-2,-97,6
391322919,-3512,1948,15752,-55,51,116
391326303,-4132,-1392,16416,7,-10,-9
391329634,-3420,788,15620,-88,71,-110
391332982,-2864,864,16092,-156,8,-329
391336366,-2024,1836,15448,-17,-109,-55
391339947,-3568,1296,15308,-25,60,159
391343306,-3592,-1104,16568,-67,239,-110
391346949,-3912,632,16124,51,208,200
391350245,-2676,-880,16188,-350,403,-373
391353889,-2908,1256,15424,-89,153,-234
391357446,-2860,1856,16080,-167,75,-56
391360916,-3860,-716,16060,95,-248,118
391364389,-3636,1168,15244,86,63,118
391367731,-3196,-932,16592,1,-107,-32
391371066,-2660,612,15552,-267,370,-296
391374622,-3224,1312,15816,-41,-46,33
391378006,-2656,1292,15460,-113,212,-5
391381476,-3300,1776,15728,14,132,203
391384859,-4196,-1084,16376,-71,253,105
391388416,-3804,300,16092,-65,237,-155
391391910,-3104,-876,16520,-318,96,-461
391395442,-2932,1324,15272,75,-118,97
391398826,-2972,1372,15752,-40,-52,-110
391402382,-3760,-436,16556,136,-163,93
391405852,-3660,484,15340,-107,254,182
391409322,-1988,-68,16128,-207,31,-454
391412792,-3460,840,15992,-191,408,-35
391416286,-2452,1380,15992,-234,234,-210
391419906,-2816,1624,15052,48,-83,77
391423202,-3788,1252,15848,47,138,289
391426586,-3324,-1076,16724,-63,33,-150
391430177,-3308,1016,15388,-90,99,-91
391433525,-3080,756,15980,-133,-137,-357
391437169,-2232,2032,15424,0,-63,-35
391440490,-3776,944,15376,-37,0,146
391443675,-3308,-980,16588,-55,325,-135
391447232,-3992,448,16300,-225,321,-46
391450702,-2724,-732,16256,-414,416,-409
391454346,-3072,1172,15260,34,69,-95
391457642,-2800,2112,15884,-140,0,3
391460852,-3964,-924,16244,93,-3,125
391464152,-3800,456,15764,-119,72,-98
391467580,-2900,532,16236,-121,-59,-312
391471088,-1968,1804,15420,-96,-5,-141
391474558,-3172,1416,15780,-40,-10,46
391477942,-3544,-508,16252,-1,260,39
391481238,-4160,584,16208,-91,298,66
391484534,-3204,-1448,16556,-293,464,-313
391488265,-2840,1196,15620,-142,197,-247
391491933,-2708,1728,16040,-117,45,-115
391495465,-3752,-344,15580,17,-114,28
391498848,-3160,1812,15164,86,-91,94
391502145,-3456,-1304,16808,-129,-39,-258
391505875,-3200,348,15664,-288,363,-288
391509432,-3236,772,15808,-46,-18,-287
391512902,-2416,1580,15636,-241,293,-117
391516569,-2444,2104,15744,-99,159,-43
391520015,-4052,-924,16164,-77,289,128
391523485,-3648,1936,15692,13,78,246
391526782,-3508,-1528,17076,-207,158,-375
391530547,-3368,728,15568,-190,78,-160
391533982,-2944,832,15800,-41,-70,-197
391537452,-2264,1704,15688,-34,-88,-32
391540947,-3416,1232,15116,-85,169,196
391544392,-3308,-1104,16372,-57,326,-98
391547949,-3968,512,15916,-213,340,-104
391551505,-2556,-492,16140,-330,476,-370
391555149,-2852,1108,15332,-117,183,-230
391558793,-2892,2164,15976,-88,46,27
391562089,-3900,-988,16284,75,-125,137
391565620,-3724,1172,15252,58,-31,66
391568856,-3196,-1068,16736,-151,-32,-305
391572586,-2792,592,15492,-325,287,-364
391576142,-3036,1520,15664,-113,27,-327
391579699,-2712,1256,15448,-81,186,18
391583083,-3676,1612,15848,-50,145,56
391586466,-4136,-1296,16484,-136,317,38
391590047,-3776,436,15848,43,120,192
391593319,-3028,-824,16592,-303,173,-430
391596963,-2884,1456,15320,-170,1,-196
391600433,-2904,1568,15572,1,-48,-62
391603729,-3700,-804,16600,72,-159,52
391607112,-3892,624,15448,-89,226,119
391610496,-2120,-188,15904,-176,-19,-436
391614142,-3360,872,15960,-302,345,-176
391617719,-2532,1956,15732,-147,255,-60
391621252,-3016,924,15092,11,-30,55
391624462,-3748,1664,15904,58,197,266
391627846,-3508,-1268,16912,-34,59,-79
391631351,-3184,760,15540,-124,118,-160
391634872,-3060,1176,15756,-128,-57,-315
391638516,-2484,1664,15568,42,-183,-21
391642010,-3236,1832,15336,-31,89,147
391645369,-3448,-1208,16768,-72,221,-158
391649013,-4008,1076,15996,34,187,209
391652396,-2680,-744,16124,-374,380,-387
391656039,-3540,272,15944,-98,185,-257
391659509,-2848,2084,16172,-163,74,0
391662806,-4096,-984,16044,97,-208,130
391666324,-3852,720,15340,79,84,44
391669399,-3020,-536,16504,-163,-115,-330
391673129,-2508,844,15196,-235,320,-249
391676686,-3180,1300,15740,-124,46,-343
391680243,-2564,1584,15284,-57,134,49
391683626,-3576,1312,15716,-39,224,91
391687009,-4068,-1128,16496,-110,259,0
391690504,-3608,456,15888,-41,245,-124
391693949,-2896,-620,16408,-294,85,-430
391697506,-3036,1436,15360,65,-94,98
391700802,-2872,1652,15544,-17,-123,-59
391704359,-3728,-716,16476,95,-129,62
391707742,-3020,448,15556,-131,313,72
391711126,-2552,-132,16100,-141,-37,-353
391714792,-3068,792,16092,-301,467,-207
391718326,-2476,2164,15612,-91,108,-10
391721796,-3152,808,15292,69,10,128
391725006,-3808,1732,15764,11,122,228
391728389,-3332,-1280,16720,-236,121,-386
391732154,-3276,792,15328,-176,141,-209
391735676,-2964,1256,15892,-119,-122,-335
391739410,-2460,1608,15584,70,-91,32
391742727,-3424,1704,15456,-79,58,125
391746086,-3340,-1212,16812,-45,260,-132
391749729,-4008,984,16148,-12,257,143
391753113,-2592,-300,16024,-358,371,-415
391756756,-3200,520,15816,-60,227,-225
391760226,-2876,2372,15856,-99,-9,55
391763523,-4152,-1412,16276,188,-184,209
391767214,-3908,796,15436,25,35,41
391770289,-3164,-700,16728,-90,-78,-296
391773846,-2516,752,15644,-339,361,-305
391777403,-3424,1368,15776,-110,-104,-294
391781133,-2616,1344,15332,-82,276,53
391784516,-3944,1048,16052,-1,61,148
391787813,-4056,-1440,16588,-158,403,-68
391791481,-3624,480,15884,42,166,167
391794753,-2872,-556,16436,-282,116,-435
391798396,-3108,1372,15192,-104,69,-167
391801953,-2960,1716,15352,33,-172,-36
391805423,-3848,-804,16604,151,-193,157
391808980,-3716,260,15640,-184,269,41
391812363,-2128,232,15652,-167,195,-294
391815943,-3104,1132,15828,-304,408,-195
391819563,-2368,468,16104,-325,321,-375
391823120,-3128,820,15108,69,70,133
391826329,-3932,1308,15708,-42,6,252
391829626,-4136,-2052,16768,-30,91,-144
391833218,-3092,956,15412,-34,129,14
391836479,-2952,-188,16412,-128,-122,-315
391840234,-2684,1492,15404,-215,176,-285
391843853,-3420,1736,15308,-56,6,171
391847150,-3400,-1220,16884,19,278,71
391850533,-4256,608,16420,-38,188,136
391853916,-2544,-60,15892,-320,427,-401
391857473,-3252,652,15516,-111,154,-258
391861030,-3216,2424,15816,-44,-11,124
391864548,-3248,616,15276,140,-117,188
391867970,-3900,672,15376,48,-28,45
391871179,-3068,-532,16504,-48,-21,-150
391874736,-2096,1168,15468,-281,206,-324
391878380,-2696,684,15848,-71,-36,-204
391881850,-2872,928,15480,-69,199,89
391885146,-3960,1128,16036,-6,53,114
391888443,-4172,-1524,16664,-224,436,-79
391892111,-3532,344,15848,27,114,75
391895296,-2596,256,16360,-288,173,-393
391898853,-3172,976,15444,79,-210,138
391902236,-2712,1896,15164,43,-96,-34
391905619,-3792,-1028,16580,17,-136,12
391909089,-2648,712,15728,-137,287,-35
391912559,-2512,380,15512,-152,56,-289
391916052,-2636,1484,15320,-287,312,-222
391919673,-2532,2248,15460,-55,224,81
391923056,-3996,-1308,16660,5,26,150
391926352,-4084,1152,15996,89,213,201
391929736,-2768,-592,16332,-335,82,-467
391933327,-2832,1328,15512,-88,-18,-119
391936849,-2936,1540,15548,-143,2,-291
391940344,-2748,1380,15816,106,-242,117
391943876,-3640,504,15520,-35,130,203
391947259,-3148,-1112,16896,-123,204,-242
391950989,-4372,584,16476,-35,222,120
391954373,-2384,156,16044,-376,417,-415
391957929,-3112,944,15156,-26,26,-184
391961313,-3252,2272,15992,-59,106,150
391964832,-3972,-1500,16528,112,-152,162
391968426,-4000,384,15724,55,137,33
391971636,-3128,-252,16528,-158,-143,-358
391975366,-2088,1220,15432,-220,180,-279
391979010,-2768,864,15636,-78,32,-154
391982393,-2980,708,15500,-5,165,87
391985603,-4268,568,16428,-24,271,151
391988989,-3704,-1544,16880,-305,393,-198
391992741,-3392,512,15656,68,172,49
391995926,-2528,544,16308,-313,80,-372
391999396,-3256,772,15364,140,-110,204
392002866,-3048,1820,15164,51,-46,25
392006162,-3840,-1316,16732,-6,-105,-63
392009719,-2380,884,15540,-209,420,-112
392013276,-2536,528,15520,-83,-74,-263
392016769,-2516,1412,15864,-237,338,-181
392020389,-2636,2328,15520,-64,100,158
392023859,-3496,108,15572,50,68,164
392027069,-4184,964,16176,6,234,111
392030279,-2772,-140,16276,-266,66,-393
392033871,-2900,1216,15436,-104,80,-149
392037392,-2808,1840,15380,30,-155,-43
392040887,-3216,960,15920,194,-177,213
392044332,-3772,168,15892,-164,274,-30
392047802,-2880,-1104,16576,-169,169,-348
392051533,-2904,1180,15688,-129,367,24
392055002,-2532,728,16112,-292,280,-342
392058559,-3180,692,15140,-32,125,-152
392062029,-3356,2384,15748,-24,9,222
392065428,-3976,-1924,16956,147,-108,198
392068969,-4088,356,15776,-45,119,-23
392072352,-2952,4,16232,-112,-132,-252
392075823,-1884,1628,15208,-166,194,-253
392079466,-3500,1696,15220,-37,-89,-70
392082936,-3088,120,15892,-3,322,52
392086146,-4312,456,16548,-55,193,95
392089446,-2312,292,15928,-308,440,-278
392093028,-3240,820,15704,-101,129,-228
392096556,-2632,1232,16212,-243,-7,-266
392100113,-3448,296,15524,123,-58,175
392103496,-3184,1724,15112,63,-145,47
392106879,-3660,-1172,16752,-65,-4,-166
392110436,-2280,1140,15448,-247,347,-179
392114083,-2700,736,15812,-92,-14,-179
392117573,-2520,1564,15392,-238,373,-78
392121106,-2612,2196,15588,-40,52,137
392124489,-3596,496,15560,72,188,287
392127786,-4428,-64,16172,-51,190,-38
392131169,-2720,1024,15948,-206,107,-396
392134852,-2784,1356,15516,-84,-99,-24
392138283,-3028,1980,15132,-99,-112,-264
392141951,-3332,672,16296,163,-151,228
392145396,-3452,1320,15084,-96,131,215
392148866,-2584,-920,16636,-114,177,-392
392152509,-3976,288,16376,-249,338,-48
392155980,-2440,1156,15900,-209,298,-230
392159623,-2952,1160,15416,-7,92,-86
392162920,-3300,2404,15820,7,14,292
392166178,-3872,-1976,16816,91,17,93
392169426,-3760,456,15736,-67,43,-81
392172722,-3000,300,16076,-76,-21,-285
392176192,-3052,1084,15868,-148,2,-187
392179662,-3316,1528,15148,-51,108,210
392183132,-2780,-1140,16388,-33,339,12
392186602,-4144,540,16452,-89,259,53
392189923,-2620,552,16100,-343,347,-355
392193456,-2968,1096,15484,-75,53,-208
392196926,-3216,2504,15548,-11,132,248
392200396,-3684,-392,15696,121,-131,177
392203952,-3964,592,15888,92,-53,83
392207162,-3528,-1092,16412,-121,-43,-180
392210892,-1988,1560,15648,-275,330,-302
392214559,-3000,1384,15696,-47,31,-12
392217919,-3280,-200,15976,-133,150,-11
392221476,-3316,1948,15496,21,199,177
392224859,-3456,-1452,16524,-52,205,144
392228416,-3944,140,16104,-18,231,-95
392231799,-2812,1384,16100,-253,27,-228
392235391,-2900,1232,15436,17,-168,25
392238739,-3164,1864,14964,45,3,59
392241887,-3592,-1348,16752,179,-239,219
392245506,-3632,-252,16056,-242,481,-223
392249149,-2220,-228,15912,-202,68,-442
392252706,-2392,1412,15728,-170,301,-72
392256262,-2556,1688,15900,-184,313,-108
392259906,-3900,-400,15880,32,-101,41
392263289,-3704,1792,15796,46,202,270
392266721,-3684,-1556,16900,7,-19,11
392269969,-3572,564,15688,-96,110,-134
392273439,-3020,980,15964,-136,-116,-230
392277083,-2252,1856,15444,53,-154,-12
392280553,-3332,1120,15212,-150,185,168
392284109,-3516,-988,16524,-39,229,-87
392287579,-3872,548,16224,-190,428,-38
392291074,-2716,-796,16132,-393,378,-423
392294693,-2956,1104,15120,-102,170,-248
392298336,-2836,2092,15980,-94,17,4
392301546,-3896,-816,16148,82,-51,94
392304843,-3792,312,15792,80,83,116
392308052,-3136,-968,16744,-132,-137,-352
392311783,-1852,1932,15472,-309,387,-337
392315449,-3284,1396,15692,-34,-76,70
392318809,-2752,1344,15384,-56,194,55
392322193,-3432,1676,15588,2,141,208
392325489,-2904,-1080,16492,-347,420,-373
392329219,-3516,180,16108,-121,302,-191
392332776,-2856,-332,16424,-301,55,-474
392336368,-3012,1200,15456,118,-114,150
392339914,-2960,1340,15468,-64,-80,-110
392343446,-3804,-468,16620,148,-158,129
392347003,-3716,224,15588,-136,308,90
392350386,-1996,60,15864,-166,-53,-423
392353856,-3316,1104,16016,-276,451,-95
392357413,-2528,1688,15876,-173,211,-167
392361057,-2832,1512,15004,68,-50,76
392364357,-4096,988,15940,9,139,250
392367611,-3308,-704,16616,-83,32,-184
392371033,-3076,1104,15564,-129,126,-79
392374590,-3020,1236,15808,-160,-105,-354
392378320,-2580,1832,15388,101,-94,60
392381703,-3212,1740,15468,-92,5,163
392385000,-3496,-1204,16796,-66,303,-164
392388643,-4156,780,16324,-23,251,158
392392051,-2504,-232,16032,-376,384,-439
392395670,-3376,684,15624,-76,219,-232
392399140,-3052,2220,15980,-90,-22,110
392402610,-3240,740,15304,152,-127,171
392406080,-3904,804,15704,15,0,22
392409116,-3160,-788,16560,-128,10,-353
392412673,-2260,808,15480,-286,310,-369
392416253,-3188,1760,15500,-93,-49,-234
392419786,-2928,848,15524,-46,255,69
392423083,-3792,1304,15912,25,109,195
392426466,-3992,-1384,16592,-136,379,12
392430023,-3472,292,15968,-126,164,-202
392433580,-2732,-48,16356,-279,88,-434
392437085,-3104,1220,15516,80,-151,116
392440544,-3160,1672,15344,-12,-142,-47
392444076,-3628,-860,16500,49,-39,27
392447373,-2744,348,15496,-142,241,43
392450756,-2256,200,15772,-108,-19,-367
392454313,-2660,1492,15364,-351,392,-136
392457956,-2536,2160,15624,-36,135,34
392461340,-4096,-1172,16608,52,77,128
392464771,-3956,1276,16000,11,151,188
392468106,-2940,-828,16480,-38,96,-159
392471576,-2912,1104,15476,-166,-17,-203
392475220,-3032,1504,15524,-112,-85,-288
392478863,-2916,1380,15972,79,-189,85
392482246,-3716,604,15328,-93,13,209
392485543,-3248,-1484,16820,-129,318,-274
392489277,-4224,792,16316,-56,220,118
392492681,-2636,12,16060,-296,424,-374
392496126,-2888,1080,15208,-91,127,-254
392499683,-3076,2616,15780,15,43,223
392502979,-4180,-1980,16908,103,-115,186
392506623,-3848,852,15672,7,36,8
392509573,-3008,-572,16316,-145,-18,-348
392513216,-2176,976,15480,-269,194,-368
392516796,-3252,1820,15312,-67,123,176
392520243,-2908,512,15504,-12,167,109
392523626,-4076,1044,16112,11,250,161
392527009,-2668,-468,16040,-225,413,-91
392530566,-3448,516,15612,-72,122,-225
392534036,-2968,2304,15816,-279,145,-383
392537715,-3184,956,15300,133,-207,162
392541174,-3024,1796,15172,64,-77,25
392544446,-3680,-1048,16820,-15,-156,-87
392548089,-3716,216,15704,-136,291,-38
392551559,-2264,368,15692,-145,-12,-305
392555116,-2720,1384,15896,-258,292,-146
392558760,-2736,2064,15576,-36,214,89
392562143,-3316,460,15300,39,6,167
392565327,-4104,736,16076,52,251,148
392568563,-2796,-260,16420,-287,49,-464
392572119,-2756,1332,15468,-108,10,-156
392575676,-2944,1664,15384,-10,-149,-54
392579233,-3008,1068,15904,162,-224,154
392582790,-3772,268,15692,-58,133,230
392586173,-2924,-1208,16664,-200,187,-326
392589928,-3124,896,15892,-45,233,122
392593286,-2524,168,16112,-356,417,-421
392596843,-2884,1176,15048,-110,93,-272
392600400,-3300,2380,15680,36,108,287
392603783,-4016,-1964,16924,64,-100,123
392607340,-4004,820,15452,49,99,30
392610463,-3176,-500,16328,-197,-89,-381
392614110,-1972,1584,15420,-204,135,-329
392617773,-3228,1680,15204,-67,30,-93
392621133,-3184,276,15664,3,189,68
392624256,-4256,916,16184,-12,289,145
392627639,-2460,-176,15872,-289,311,-180
392631283,-3240,832,15604,-29,212,-219
392634753,-3188,2248,16004,-270,29,-323
392638345,-3244,612,15404,174,-138,182
392641804,-3000,1832,15032,6,-59,48
392644989,-3504,-1160,16588,-14,-134,-122
392648719,-2392,924,15624,-187,406,-113
392652276,-2560,716,15664,-90,-97,-232
392655746,-2608,1468,15624,-236,316,-102
392659390,-2596,2228,15372,-33,153,113
392662860,-3576,232,15616,52,38,174
392666118,-3872,860,16000,-31,287,102
392669453,-2708,108,16100,-163,57,-311
392672923,-2924,1372,15492,-39,30,-97
392676306,-3020,1812,15280,9,-152,-50
392679689,-3164,988,15732,162,-163,165
392683159,-3740,60,15872,-162,247,19
392686456,-2352,352,15636,-217,195,-378
392690037,-2656,1384,15660,-269,358,-146
392693656,-2544,588,15956,-269,262,-318
392697213,-3216,796,15260,57,80,143
392700423,-4040,968,15944,-1,11,280
392703632,-4132,-2104,17160,-74,114,-191
392707276,-2876,1164,15572,-172,-15,-173
392710919,-2728,188,16196,-120,-85,-300
392714499,-3096,1008,15880,-100,122,-200
392718120,-3228,1876,15352,-61,25,136
392721503,-3056,-1224,16628,47,296,82
392724886,-4384,516,16340,-40,225,118
392728269,-2544,12,15988,-251,365,-225
392731739,-3068,952,15860,-161,163,-273
392735296,-3260,2464,15828,-176,-17,-201
392738978,-3652,-56,15660,119,-69,181
392742347,-4016,804,15772,37,-70,64
392745533,-3600,-1356,16472,-40,-5,-178
392749089,-2172,1296,15500,-252,124,-336
392752733,-2756,820,15728,-69,29,-132
392756116,-2960,720,15428,-47,164,51
392759413,-2596,2148,15348,-17,90,151
392762796,-4012,-1500,16916,-212,391,-53
392766488,-4148,-20,16188,-61,221,-24
392769822,-2532,928,15828,-250,138,-322
392773379,-2736,1336,15552,-40,-130,-36
392776936,-2940,2016,15120,33,-46,3
392780146,-3604,-1272,16556,151,-167,184
392783789,-3856,112,15792,-190,338,-88
392787259,-2552,400,15916,-154,150,-369
392790841,-2652,1340,15844,-325,318,-185
392794460,-2528,1036,15892,-204,340,-234
392798103,-3380,432,15508,-23,28,-140
392801486,-3500,2292,15708,-18,96,257
392804869,-4124,-1952,16956,-134,68,-200
392808513,-3892,304,15940,-85,85,-85
392811809,-2832,372,16028,-139,10,-321
392815303,-2076,1656,15496,-106,-24,-212
392818923,-3196,1816,15184,-100,153,189
392822480,-3224,-224,15968,-12,252,42
392825863,-4448,596,16328,-52,290,94
392829160,-2696,104,16100,-307,466,-252
392832716,-2856,1020,15480,-134,104,-276
392836360,-2716,1752,15924,-139,88,-149
392839960,-3452,-176,15768,-1,-147,18
392843300,-3116,1868,15012,83,-41,55
392846596,-3408,-1448,16572,-107,-75,-198
392850327,-3584,84,15844,-240,324,-205
392853797,-2880,788,15764,-91,43,-136
392857180,-2544,1328,15528,-231,257,-123
392860823,-2636,2304,15488,-18,183,140
392864297,-3664,508,15512,57,81,278
392867551,-4032,-64,16204,-52,289,-64
392870886,-2716,1068,15960,-274,156,-409
392874530,-2876,1112,15448,-7,-107,-10
392878000,-2888,2060,15116,-136,32,-288
392881557,-3388,472,16092,176,-275,230
392885027,-3856,100,15984,-75,164,151
392888410,-2584,-768,16368,-161,101,-363
392892078,-4184,372,16460,-158,301,-14
392895523,-2512,1048,15872,-280,274,-275
392899167,-2912,1292,15352,-45,-5,-118
392902637,-3424,2232,15664,-17,154,263
392906107,-3832,-476,15960,95,-94,129
392909490,-3820,552,15840,-33,123,-51
392912873,-3124,288,16008,-158,-56,-293
392916455,-1960,1680,15548,-108,57,-232
392919987,-3068,1400,15760,-90,40,-17
392923370,-3400,-352,16088,-16,196,44
392926753,-4276,408,16424,73,200,226
392930050,-3296,-1320,16616,-332,375,-303
392933780,-3072,928,15672,-64,222,-86
392937163,-2472,1560,15884,-227,53,-202
392940762,-3672,-44,15600,31,-183,39
392944017,-3256,1684,14976,62,10,59
392947226,-3640,-1412,16624,-91,-112,-223
392950957,-3524,120,15928,-206,419,-203
392954513,-2804,896,15772,-94,-57,-123
392957983,-2472,1348,15524,-186,267,-115
392961627,-2780,2212,15244,-210,340,-217
392965320,-3616,128,15664,64,90,281
392968480,-3996,-180,16284,-95,358,-92
392971950,-3380,-1156,16908,-266,68,-431
392975594,-2908,1224,15516,-84,45,-87
392978977,-2836,996,15984,-144,-53,-285
392982534,-3540,340,16052,22,-175,-21
392985917,-3400,1264,15212,-97,179,197
392989390,-2500,-812,16388,-186,96,-414
392992968,-3776,612,16136,-195,434,-39
392996414,-2740,1132,15816,-195,212,-258
393000057,-2912,1260,15284,-14,56,-95
393003440,-3584,2184,15500,-15,96,297
393006824,-3860,-788,16084,106,-67,96
393010207,-3828,336,15916,-132,149,-98
393013677,-3188,-988,16544,-201,-46,-374
393017345,-2012,1664,15400,-35,6,-122
393020704,-3184,1356,15868,-126,10,-12
393024173,-3540,-428,16108,31,280,23
393027470,-4072,500,16484,17,150,187
393030766,-3148,-1068,16504,-282,380,-302
393034497,-2932,936,15568,-137,334,-145
393038054,-2696,1744,16000,-121,-34,-140
393041739,-2924,1292,15472,102,-78,106
393045167,-3464,1456,15260,63,-107,90
393048550,-3320,-1216,16492,129,-83,83
393052020,-3240,168,15880,-274,328,-262
393055577,-2308,-316,16092,-171,48,-421
393059134,-2340,1592,15468,-199,238,-34
393062690,-2796,1616,15844,-111,170,-82
393066350,-3788,-516,16316,10,47,15
393069457,-3996,464,16008,37,115,226
393072754,-3548,-1312,16728,-199,152,-375
393076484,-3124,960,15636,-169,57,-148
393079954,-2904,1048,15880,-73,-105,-185
393083597,-2508,1644,15580,43,-65,-14
393086981,-3488,1072,15344,-58,102,213
393090475,-3696,-1348,16864,-59,360,-123
393094094,-3572,752,15896,-213,261,-93
393097564,-2732,-612,16160,-313,421,-355
393101208,-3000,1296,15384,-151,230,-323
393104851,-2752,2600,15632,-17,-42,140
393108321,-3972,-1460,16440,113,-96,188
393111878,-3792,1176,15532,67,-39,96
393115199,-3100,-1112,16592,11,-24,-14
393118644,-2412,852,15480,-319,280,-339
393122201,-3292,1568,15800,-87,-38,-244
393125758,-2744,1156,15568,-61,245,57
393129141,-3712,1296,15744,-38,96,66
393132438,-4036,-1288,16712,-112,376,10
393135994,-3652,208,16024,-123,205,-212
393139574,-2828,-260,16300,-258,112,-441
393143233,-3036,1076,15452,-122,-7,-116
393146751,-2976,1580,15224,-16,-84,-100
393150308,-3032,1144,15960,150,-168,128
393153865,-3792,240,15672,-109,223,30
393157248,-3140,-1300,16656,-119,270,-349
393160978,-2764,1300,15840,-129,319,20
393164497,-2596,528,15968,-253,289,-323
393168005,-2960,896,15292,-107,198,-195
393171562,-3040,2548,15688,32,-55,258
393174945,-4152,-1828,17120,137,-50,180
393178502,-4248,488,15812,-8,5,-38
393181625,-2828,-48,16212,-141,5,-335
393185008,-2848,1424,15788,-163,110,-232
393188652,-3200,1676,15468,-92,104,149
393192146,-3276,504,15676,-29,272,85
393195418,-4272,384,16252,-34,228,127
393198801,-2420,248,15780,-352,401,-411
393202358,-3220,632,15536,-121,120,-237
393205915,-3020,2432,15784,-214,81,-353
393209472,-3144,596,15444,107,-165,207
393212942,-4000,652,15728,66,-83,58
393216176,-3660,-1260,16668,-70,-52,-160
393219795,-2256,1156,15660,-230,310,-142
393223438,-2780,672,15848,-96,49,-197
393226822,-2820,836,15372,-257,270,-146
393230378,-2800,2236,15316,15,196,158
393233762,-3848,-1412,16720,-3,143,133
393237232,-4032,756,16072,42,163,102
393240551,-2780,156,16100,-266,128,-397
393244120,-2796,1328,15524,-99,-113,-113
393247728,-3008,1840,15144,-111,-65,-268
393251372,-3188,832,16008,161,-205,177
393254842,-3932,120,15884,-79,32,220
393258138,-2904,-1132,16488,-209,257,-373
393261869,-2848,1200,15820,-129,253,55
393265387,-2644,264,16160,-260,402,-348
393268895,-2904,1124,15472,-160,91,-307
393272452,-3348,2392,15460,110,12,356
393275835,-4104,-1868,16920,41,49,82
393279132,-4092,960,15764,-14,36,30
393282342,-2864,-328,16476,-205,-7,-398
393285898,-1976,1684,15432,-192,29,-334
393289480,-3196,1764,15288,-40,123,254
393292925,-3456,-348,16120,-26,205,28
393296308,-4200,940,16384,-54,270,99
393299605,-2636,-108,15996,-276,396,-179
393303248,-3356,612,15516,-102,172,-242
393306805,-2536,992,16088,-233,105,-288
393310362,-3272,436,15568,103,-186,173
393313832,-3264,1668,14972,96,-65,62
393317153,-3588,-1168,16468,-41,-92,-149
393320772,-3660,68,15968,-193,318,-143
393324242,-2768,688,15776,-138,60,-239
393327712,-2228,1776,15596,-175,206,-92
393331269,-2956,2004,15380,-34,223,128
393334739,-3728,-12,15672,-1,72,135
393337948,-4100,556,16084,18,266,81
393341181,-2672,396,16128,-262,-12,-407
393344750,-2880,1368,15460,-58,-18,-73
393348185,-3020,1796,15360,41,-115,36
393351568,-3768,-1112,16564,158,-230,154
393355212,-3744,248,15984,-170,373,-38
393358682,-2752,-1048,16468,-173,121,-346
393362412,-2424,1376,15812,-176,367,-47
393366017,-2468,1192,15900,-253,285,-244
393369612,-2984,1184,15424,-6,-15,-109
393373082,-3424,2300,15620,-8,122,255
393376465,-4116,-1964,16980,108,-128,164
393380109,-4004,320,15872,-34,156,-80
393383492,-2896,404,16064,-177,-60,-353
393387049,-2144,1752,15292,-83,36,-159
393390543,-3076,1096,15916,-111,81,-59
393393989,-3440,-208,16220,4,191,52
393397199,-4420,588,16224,-87,348,88
393400495,-3356,-1480,16704,-275,333,-218
393404225,-2964,876,15688,-80,317,-139
393407695,-2560,1740,15808,-160,-36,-159
393411339,-3552,-236,15744,67,-151,46
393414747,-3248,1808,15168,42,-71,51
393418018,-3504,-1352,16660,-54,-87,-158
393421662,-3556,4,16044,-268,448,-241
393425045,-2716,1056,15856,-104,-33,-164
393428689,-2384,1588,15392,-142,292,-62
393432246,-2828,2068,15340,-184,219,-131
393435889,-3624,-176,15836,44,143,188
393439276,-4180,460,16156,6,158,296
393442505,-3496,-1656,16976,-222,114,-392
393446247,-2884,1424,15448,-97,115,-135
393449769,-2628,1120,15992,-122,-131,-245
393453499,-2620,1752,15808,68,-137,-15
393456969,-3204,1520,15296,-100,64,124
393460439,-3584,-1024,16444,-8,216,-15
393463913,-3864,540,16700,-261,425,-74
393467428,-2752,-612,15980,-367,359,-377
393471023,-2972,1040,15420,-45,235,-163
393474580,-2824,1928,16088,-130,-8,-60
393478050,-3668,-600,15960,85,-144,100
393481520,-3792,1196,15524,82,-18,82
393484816,-3312,-1100,16476,-147,-38,-312
393488546,-2972,324,15580,-265,407,-302
393492128,-3064,1504,15888,-189,-12,-306
393495746,-2616,1416,15420,-66,218,19
393499130,-3200,1868,15276,-124,260,28
393502600,-4020,-964,16644,-35,204,108
393506070,-3760,252,16052,17,272,216
393509366,-3176,-1048,16584,-256,66,-450
393513010,-2860,1496,15484,-128,62,-194
393516591,-2872,1528,15576,-21,-144,-69
393520123,-2700,1344,15756,105,-214,98
393523593,-3620,928,15436,-103,250,134
393527063,-2284,-444,16092,-102,216,-174
393530707,-3612,692,16152,-278,489,-110
393534264,-2596,-444,16036,-335,375,-423
393537907,-2740,1536,15040,-141,123,-326
393541574,-3084,2624,15736,-46,60,212
393544934,-4072,-1708,16532,136,-205,158
393548612,-3856,1088,15520,67,86,75
393551787,-2944,-984,16372,-38,-107,-80
393555344,-2392,1036,15540,-239,274,-316
393558987,-2652,488,15800,-148,38,-252
393562457,-2728,1024,15324,-23,137,60
393565901,-3556,1360,15728,-43,242,76
393569224,-4016,-1244,16660,-70,225,47
393572694,-3440,216,15972,4,298,83
393575817,-2836,2204,15656,-274,37,-393
393579374,-3084,776,15584,115,-120,113
393582844,-3580,1524,15372,-59,-56,-108
393586400,-3848,-932,16480,82,-162,64
393589808,-2668,568,15576,-136,369,-10
393593253,-2512,148,15988,-115,-53,-296
393596810,-2720,1360,15440,-282,445,-168
393600454,-2536,2072,15696,-87,118,13
393603837,-2920,808,15248,54,-32,142
393607134,-4052,1388,15848,23,186,202
393610517,-2992,-1080,16560,-241,63,-440
393614164,-3080,928,15612,-172,115,-173
393617742,-2932,1268,15700,-152,-103,-397
393621447,-2744,1476,15500,124,-120,88
393624917,-3256,1916,15376,-98,46,200
393628300,-3356,-1376,16560,-107,271,-243
393632031,-3900,1200,15984,1,255,221
393635327,-2756,-832,16268,-346,372,-427
393638974,-3092,764,15756,-176,248,-300
393642551,-3008,2448,15620,-238,8,-256
393645998,-3452,84,15540,114,-71,89
393649242,-3956,1120,15664,33,-17,106
393652591,-2984,-1036,16360,-32,-87,-115
393656234,-2184,1224,15312,-286,302,-402
393659878,-2656,660,16084,-91,-96,-175
393663348,-3036,824,15476,-46,291,51
393666692,-2816,2160,15404,-42,108,84
393670027,-3904,-1320,16780,-111,371,-5
393673584,-3564,240,15900,6,275,113
393676794,-2760,88,16216,-254,3,-412
393680090,-3088,1040,15256,38,-93,106
393683474,-3672,1292,15392,19,-185,-71
393686944,-3820,-1084,16592,65,3,27
393690183,-2748,508,15644,-255,246,-328
393693710,-2300,308,15860,-131,8,-311
393697093,-2692,1184,15376,-108,215,44
393700563,-2656,1948,15728,-65,128,3
393703860,-3732,-952,16416,-90,293,111
393707330,-3932,180,15964,48,129,234
393710626,-3040,-868,16656,-303,191,-439
393714273,-2936,1352,15420,-136,9,-171
393717764,-2896,1484,15636,-20,-38,-181
393721297,-3708,-484,16512,108,-196,124
393724853,-3608,644,15484,-114,212,122
393728323,-2324,-368,16124,-93,302,-211
393731880,-3248,788,15980,-317,357,-158
393735437,-2664,76,15868,-275,418,-373
393738910,-3060,1060,15276,-21,-60,11
393742313,-3700,1980,15512,-40,60,117
393745673,-4156,-1504,16516,-11,31,1
393748973,-3300,780,15672,-96,100,-150
393752475,-3260,-660,16480,-156,16,-327
393755996,-2412,1620,15740,43,-203,-50
393759467,-3192,1684,15668,-62,86,106
393762850,-3496,-1136,16620,-69,253,-113
393766542,-3968,1112,16136,56,117,181
393769877,-2492,-508,16304,-363,429,-390
393773520,-3416,364,15800,-126,139,-213
393777077,-2924,2168,16000,-233,112,-403
393780720,-3184,992,15372,79,-195,134
393784104,-3704,1212,15408,13,-113,-22
393787574,-3664,-1028,16380,-9,-86,-39
393791068,-2656,716,15568,-139,214,-10
393794514,-2328,320,15848,-146,113,-324
393798070,-2692,1348,15260,-284,268,-195
393801714,-2568,2100,15664,-23,224,86
393805097,-3968,-1184,16652,-6,11,109
393808480,-4116,1052,16000,44,207,204
393811864,-2896,-524,16452,-306,60,-464
393815445,-2992,1104,15628,-134,-26,-163
393819064,-2776,1680,15540,-158,-17,-297
393822707,-2792,884,15608,116,-210,104
393826177,-3240,1952,15396,-69,115,154
393829647,-3188,-1428,16660,-164,199,-226
393833378,-4100,784,16208,-32,248,103
393836761,-2600,-168,16152,-316,340,-377
393840428,-2988,736,15876,-171,93,-306
393843874,-3268,2624,15636,-133,65,-161
393847431,-3612,-272,15688,108,-169,148
393850988,-3912,928,15596,75,-20,75
393854233,-3692,-1440,16644,-59,-108,-154
393857928,-2008,1380,15620,-249,356,-217
393861571,-2820,768,15868,-89,38,-117
393865003,-2344,1560,15428,-269,247,-143
393868598,-2792,2172,15164,39,180,187
393871981,-3708,-380,15920,-26,93,130
393875365,-4136,672,16036,12,248,16
393878574,-2580,364,16216,-267,21,-345
393882044,-2764,1408,15628,-98,-69,-114
393885601,-2988,1952,15208,58,-109,83
393888988,-3384,84,16304,130,-208,137
393892392,-3876,264,15848,-194,422,-41
393895838,-2684,296,15924,-177,98,-362
393899308,-2540,1504,15784,-276,381,-177
393902951,-2660,968,15884,-244,304,-260
393906508,-3292,368,15416,58,38,154
393909718,-3808,1052,16048,-8,145,224
393913101,-4080,-1820,16920,-91,-7,-230
393916682,-2816,1108,15572,-32,155,-90
393920128,-2812,436,16108,-173,-96,-304
393923684,-3020,876,15940,-32,7,-126
393926981,-3252,1504,15316,-144,124,121
393930538,-2940,-1084,16532,8,219,82
393933834,-4172,280,16456,-147,354,35
393937217,-2452,680,15968,-314,320,-331
393940797,-3148,936,15616,-19,155,-150
393944244,-3236,2432,15624,-49,1,192
393947541,-4196,-1976,16760,190,-103,185
393951184,-3876,472,15928,-49,42,-64
393954516,-2960,-152,16272,-68,-75,-224
393958037,-2180,1420,15612,-212,155,-274
393961681,-2816,1148,15764,-127,-49,-80
393965287,-3340,216,15604,-10,294,83
393968534,-4280,544,16400,27,94,212
393971744,-3540,-1440,16676,-267,443,-220
393975474,-3048,752,15744,-100,267,-91
393978944,-2552,944,15872,-206,-7,-284
393982414,-3384,528,15388,-31,-10,-26
393985797,-3260,1768,15292,100,-188,70
393989271,-3624,-1276,16720,-93,54,-175
393992849,-3604,44,15872,-198,278,-175
393996294,-2780,568,15960,-150,94,-358
393999764,-2356,1520,15544,-269,310,-143
394003408,-2668,2196,15236,-171,205,-152
394007051,-3532,-4,15788,28,134,163
394010261,-3996,796,16004,-44,120,242
394013644,-3796,-1820,16964,-101,91,-279
394017312,-2744,1468,15724,-166,126,-158
394020931,-2980,904,15916,-73,-113,-224
394024488,-2156,1768,15416,-71,12,-96
394027871,-3348,1460,15160,-51,44,177
394031254,-2744,-1004,16532,-32,382,-18
394034811,-4120,468,16432,-196,292,1
394038107,-2704,792,16012,-202,345,-274
394041687,-2856,1152,15740,-95,81,-157
394045134,-3544,2296,15576,59,94,303
394048431,-3768,-632,15888,112,-36,114
394051901,-3900,596,15964,-49,60,-17
394055232,-2968,8,16148,-93,-15,-259
394058494,-2124,1740,15580,-131,-18,-257
394062137,-3236,1616,15236,-42,13,-13
394065623,-3476,-88,15928,-48,197,34
394068817,-4328,452,16404,-44,314,74
394072114,-2552,460,16004,-348,458,-313
394075670,-3188,912,15476,-79,118,-181
394079140,-3128,2364,15724,-189,88,-237
394082697,-3476,372,15496,109,-176,156
394086167,-4120,364,15860,113,-48,104
394089575,-3596,-1220,16628,-128,-87,-218
394093281,-3464,200,15752,-192,325,-159
394096837,-2784,696,15968,-149,35,-167
394100307,-2452,1596,15580,-190,183,-85
394103864,-2760,2084,15276,-23,250,125
394107334,-3708,-144,15900,19,84,150
394110631,-4052,516,16288,-14,271,37
394113930,-2512,492,15964,-237,161,-383
394117508,-2800,1496,15556,-18,-82,-57
394120954,-3012,1808,15072,-87,-9,-189
394124424,-3560,196,15956,121,-210,134
394127894,-3616,180,15848,-72,151,155
394131277,-2656,-832,16276,-192,75,-341
394134834,-2472,1484,15628,-235,335,-153
394138477,-2676,1152,16012,-235,301,-217
394142144,-2716,1168,15608,-38,-7,-158
394145591,-3636,2284,15476,6,162,275
394148887,-4008,-2116,16948,87,-84,104
394152357,-3812,620,15912,-76,153,-123
394155866,-2696,464,16088,-163,5,-277
394159210,-2248,1664,15556,-62,-25,-148
394162767,-3020,1612,15256,-77,130,5
394166112,-3496,-540,16068,-31,218,19
394169447,-4256,516,16252,-108,402,80
394172830,-2708,228,16064,-289,331,-261
394176387,-2776,1208,15524,-100,159,-241
394180031,-2612,2096,15796,-138,0,-95
394183414,-3656,-596,15752,105,-63,130
394186884,-4040,756,15716,60,3,86
394189945,-3284,-1316,16456,-102,-97,-310
394193650,-2004,1748,15336,-235,390,-255
394197294,-3040,1036,15696,-123,-22,-62
394200851,-3380,132,15856,-116,184,-41
394204321,-3064,2000,15444,-17,178,166
394207791,-3244,-1348,16636,-21,166,132
394211347,-4032,108,15956,-44,323,-59
394214755,-2656,1232,16012,-268,38,-449
394218287,-2724,1440,15492,-4,-47,16
394221584,-3212,1752,15004,-76,-50,-202
394225141,-3660,-32,16148,149,-168,150
394228610,-3600,-36,15948,-50,226,189
394231994,-2444,-508,16080,-217,37,-422
394235551,-2532,1560,15588,-216,396,-95
394239111,-2496,1544,15968,-174,231,-205
394242774,-2984,1224,15280,18,-29,-1
394246047,-3656,2060,15696,-24,113,270
394249517,-3792,-1712,16912,96,-66,43
394252901,-3600,392,16044,-136,145,-138
394256492,-2760,984,15956,-183,-82,-358
394260014,-2348,1772,15480,13,-54,-49
394263397,-3288,1440,15232,-79,50,157
394266829,-3480,-900,16404,-35,282,-25
394270251,-4096,376,16296,-224,362,-17
394273721,-2840,-912,16276,-359,363,-381
394277364,-2956,1148,15436,-33,116,-133
394280921,-2780,1832,16084,-139,-25,-84
394284478,-3716,-592,15908,81,-162,112
394287948,-3764,1240,15240,72,-22,106
394291355,-3096,-1168,16432,38,-138,5
394294714,-2972,472,15600,-265,389,-310
394298271,-2984,1468,16004,-85,-41,11
394301654,-2584,1380,15232,-48,228,27
394305037,-3188,1884,15524,2,139,217
394308334,-3360,-1280,16556,-37,198,113
394311891,-3952,144,15976,-123,311,-147
394315472,-2724,1532,16020,-267,30,-461
394319004,-2844,1304,15464,39,-46,47
394322301,-3428,1668,15148,-85,-126,-160
394325944,-3660,-376,16512,152,-86,120
394329414,-3416,76,15860,-99,227,133
394332711,-2408,-380,15896,-186,31,-385
394336267,-2496,1648,15328,-253,403,-130
394339934,-2712,1728,15916,-166,170,-96
394343468,-2924,976,15068,27,15,19
394346591,-3596,2040,15456,-5,119,278
394349974,-3508,-1696,16944,-205,102,-387
394353704,-3544,776,15632,-150,124,-180
394357296,-2780,1024,15924,-165,-113,-346
394360991,-2492,1800,15468,79,-87,0
394364204,-3468,1088,15476,-103,36,117
394367719,-3372,-1072,16604,-48,327,-95
394371228,-3816,500,16344,57,255,229
394374524,-2604,-484,16064,-375,364,-374
394378168,-2928,1168,15040,-67,260,-242
394381724,-3096,2144,16152,-81,-32,15
394385108,-3912,-1004,16124,134,-158,166
394388751,-3812,992,15276,36,-12,59
394391985,-3208,-932,16424,6,-107,-38
394395344,-2640,652,15648,-311,368,-315
394398901,-3056,1540,15808,-81,21,30
394402197,-2664,1188,15116,-74,249,32
394405581,-3364,1932,15624,52,55,210
394408877,-3204,-1276,16536,-312,480,-305
394412607,-3608,-164,16196,-189,244,-262
394416275,-2828,-36,16368,-279,31,-455
394419721,-3020,1080,15504,42,-110,115
394423191,-2924,1488,15672,-56,-158,-171
394426834,-3904,-596,16544,116,-80,147
394430304,-3708,448,15824,-121,207,89
394433688,-2264,-136,15852,-140,75,-367
394437244,-3040,1152,15620,-305,376,-103
394440911,-2712,1620,15900,-302,309,-349
394444531,-2892,1176,15192,6,63,30
394447654,-3908,1412,15780,63,75,275
394450951,-3412,-1196,16772,0,94,-73
394454247,-3280,728,15784,-173,34,-176
394457752,-2888,1308,15828,-60,-21,-183
394461274,-2544,1664,15572,39,-168,53
394464706,-3484,1084,15372,-70,160,159
394468127,-3452,-984,16504,-115,349,-155
394471771,-3760,540,16188,16,122,188
394475067,-2656,-436,16140,-340,486,-386
394478711,-2888,1180,15232,-146,191,-267
394482354,-2888,2296,16144,-55,14,50
394485651,-4048,-1196,16360,11,-2,40
394488951,-3804,948,15496,85,-54,93
394492182,-3128,-900,16304,-183,44,-353
394495714,-2292,1792,15536,-282,221,-347
394499357,-3180,1624,15800,-69,107,96
394502741,-3684,-848,16556,-87,159,48
394506124,-3364,1760,15708,75,142,206
394509507,-3148,-1332,16380,-358,401,-329
394513237,-3736,-16,15996,-176,224,-278
394516819,-2716,-44,16204,-279,147,-426
394520351,-3212,840,15444,87,-220,116
394523734,-3420,1580,15132,-49,-46,-135
394527291,-3744,-804,16580,99,-180,115
394530761,-3780,340,15692,-78,236,82
394534057,-2272,108,15904,-181,44,-374
394537527,-2584,1400,15388,-277,316,-142
394541194,-2656,1888,15788,-130,243,-66
394544728,-2988,1124,15264,-18,-37,58
394548111,-3744,1548,15796,69,202,272
394551494,-3148,-1224,16768,-57,102,-128
394555138,-3152,972,15500,-125,34,-153
394558643,-2912,1148,15676,-150,2,-357
394562078,-2772,1664,15660,66,-214,32
394565521,-3472,1084,15292,-84,95,123
394568844,-3416,-1128,16544,-81,227,-129
394572487,-3840,504,16344,60,157,225
394575784,-2604,-572,15956,-367,396,-408
394579428,-2632,1500,15088,-166,144,-294
394583071,-2988,2348,15900,-39,71,116
394586454,-3892,-1248,16448,95,-194,135
394590036,-3868,1116,15560,77,66,81
394593221,-3084,-1100,16468,-172,-91,-353
394596951,-2520,824,15524,-262,280,-330
394600508,-3156,1472,15656,-125,70,-251
394604064,-2660,1192,15320,-53,118,19
394607448,-3644,1428,15984,-27,214,66
394610831,-3984,-1372,16800,-143,264,16
394614412,-3520,212,15800,74,199,176
394617684,-2880,-300,16452,-341,76,-452
394621241,-2936,1300,15284,-123,-13,-113
394624885,-3096,1400,15484,-66,-23,-98
394628355,-3760,-692,16552,134,-276,104
394631911,-3820,304,15652,-130,339,85
394635295,-2156,112,15824,-162,192,-341
394638855,-3300,928,15860,-282,467,-120
394642431,-2500,-36,16092,-338,375,-430
394645965,-2980,1268,14888,45,-8,72
394649175,-3968,1092,15860,-1,41,264
394652471,-4092,-1828,16836,-67,42,-160
394656028,-3084,876,15408,-142,103,-133
394659620,-2932,-508,16364,-176,-106,-399
394663315,-2164,1584,15248,-188,162,-284
394667007,-3236,1604,15492,-123,70,127
394670428,-2992,808,15616,8,146,64
394673551,-4080,980,16088,-31,256,223
394676935,-2596,-264,16100,-341,349,-427
394680578,-3172,376,15768,-146,250,-282
394684135,-3056,2492,15816,-270,69,-356
394687692,-3384,484,15556,123,-154,151
394691186,-3724,1188,15340,-23,-18,-31
394694632,-3748,-1060,16604,30,-160,-10
394698188,-3792,-128,15912,-143,407,-95
394701745,-2424,672,15740,-100,-63,-223
394705302,-2836,1160,15816,-237,351,-97
394708859,-2552,2168,15796,-88,127,-8
394712242,-3136,1004,15060,89,-17,228
394715650,-4240,396,16116,-31,239,130
394719008,-2720,16,16296,-161,34,-316
394722392,-2800,1172,15360,-97,59,-103
394725862,-2856,1876,15576,-194,-100,-373
394729592,-2932,1180,15780,164,-155,164
394733149,-3120,1700,15340,-137,55,157
394736619,-2916,-1092,16652,-107,223,-250
394740372,-4388,512,16512,-84,355,116
394743732,-2488,412,15864,-319,264,-406
394747289,-2956,956,15736,-61,185,-186
394750759,-3252,2508,15888,-72,-33,162
394754229,-3344,252,15492,139,-100,146
394757699,-3960,708,15776,-15,67,51
394760943,-3128,-640,16420,-36,-112,-149
394764600,-2224,1236,15756,-253,268,-356
394768196,-2684,836,15828,-90,-59,-172
394771666,-3044,596,15512,-17,287,107
394775049,-2756,2316,15536,-19,91,140
394778432,-3792,-1584,17144,-192,422,-79
394782076,-4236,640,15936,-32,286,32
394785372,-2468,312,16044,-248,34,-353
394788846,-3252,968,15392,-61,47,-92
394792163,-3236,1824,15320,40,-161,-3
394795522,-3676,-1016,16640,-2,1,-43
394798818,-2648,668,15596,-121,249,-30
394802288,-2476,164,15852,-95,33,-293
394805672,-2672,1328,15356,-325,339,-153
394809315,-2436,2312,15528,22,127,89
394812612,-4104,-1424,16748,18,98,208
394816019,-3932,1208,16024,18,158,147
394819378,-3000,-644,16380,-239,99,-413
394822935,-3012,848,15520,-158,13,-188
394826405,-2804,1672,15384,-13,-69,-83
394829875,-2872,1360,15544,110,-225,130
394833432,-3792,560,15848,-62,206,96
394836728,-3164,-1228,16588,-181,330,-234
394840482,-3172,772,16012,-11,165,100
394843842,-2664,8,16100,-347,420,-390
394847225,-2708,1368,15052,-6,-26,2
394850435,-3932,1652,15504,56,8,205
394853644,-3424,-1416,16788,-47,23,-88
394857114,-3288,832,15712,-101,78,-148
394860588,-2652,1224,15664,-180,7,-370
394864089,-2560,1632,15636,39,-220,-14
394867573,-3384,1192,15276,-83,131,132
394870994,-3468,-1196,16704,-83,212,-102
394874638,-3908,1160,15740,48,195,203
394878021,-2696,-620,16176,-371,377,-405
394881665,-3448,496,15764,-139,194,-266
394885221,-2992,2156,15780,-115,42,16
394888605,-3036,1000,15336,76,-196,116
394892099,-3748,1216,15452,133,56,127
394895458,-3220,-1176,16492,-13,-124,-19
394899101,-2860,532,15832,-220,342,-278
394902658,-2448,4,15804,-147,60,-335
394905954,-2468,1412,15244,-83,141,-12
394909425,-3240,1776,15648,-100,252,-23
394912981,-3844,-784,16404,-38,226,173
394916476,-4136,1016,15888,98,145,263
394919835,-2992,-592,16588,-337,104,-476
394923478,-3084,972,15460,-105,-26,-140
394927035,-3000,1452,15624,-43,-30,-158
394930592,-2692,1532,15816,113,-256,100
394934148,-3768,660,15456,-92,63,147
394937445,-3380,-1100,16592,-138,260,-203
394941198,-3300,544,16000,-1,176,166
394944472,-2628,4,16188,-386,463,-399
394947855,-2908,1172,15084,30,-52,-5
394951151,-3676,1796,15604,-19,72,132
394954535,-4096,-1220,16596,15,-68,6
394957831,-3504,460,15704,-121,148,-147
394961388,-3056,-712,16544,-176,-46,-363
394965099,-2376,1836,15604,-252,238,-337
394968675,-3140,1788,15544,-100,44,75
394972058,-3500,-952,16564,-15,133,90
394975441,-3756,1260,16056,12,260,179
394978825,-2864,-720,16140,-344,349,-340
394982468,-3548,192,16040,-127,281,-248
394986025,-2804,2272,16036,-332,84,-432
394989606,-3116,916,15264,130,-131,128
394993052,-3748,1272,15164,24,-54,17
394996348,-3872,-992,16724,11,-121,-19
394999818,-2780,588,15596,-305,380,-303
395003375,-2280,36,15868,-146,-13,-350
395006845,-2592,1520,15064,-65,243,35
395010228,-2440,1976,15788,-144,152,-44
395013788,-4100,-644,16448,5,259,169
395017106,-4200,760,15900,45,203,233
395020378,-2812,-308,16492,-292,75,-475
395023935,-2988,1140,15276,-117,56,-79
395027405,-2768,1548,15696,-45,-148,-189
395031048,-3700,-544,16412,133,-161,133
395034605,-3576,912,15600,-111,167,127
395038075,-3408,-1272,16848,-111,234,-183
395041830,-3268,944,16068,-54,314,101
395045188,-2632,-116,16060,-321,281,-336
395048832,-2736,1216,15308,-95,195,-275
395052389,-3040,2580,15812,-42,-35,160
395055858,-4136,-1680,16588,155,-178,225
395059502,-4116,848,15544,28,48,29
395062625,-3164,-780,16412,-135,-70,-331
395066388,-2488,1024,15656,-258,306,-313
395069912,-3076,1592,15652,-156,6,-287
395073382,-2860,1084,15236,27,221,72
395076679,-3900,1072,16104,-51,154,132
395080149,-4012,-1508,16796,-144,350,-36
395083792,-3520,372,15816,15,261,116
395087089,-2776,-128,16236,-279,30,-411
395090670,-3092,1260,15328,-88,50,-126
395094115,-2824,1844,15276,2,-139,-17
395097499,-3832,-1104,16608,60,2,9
395100622,-2948,524,15504,-147,252,42
395104005,-2400,-84,15716,-112,30,-333
395107475,-2544,1560,15332,-134,159,-4
395110945,-2660,2012,15748,-73,142,-3
395114352,-4080,-1020,16456,-106,330,82
395117885,-3736,1384,15808,28,87,210
395121181,-3252,-1068,16524,-231,180,-431
395124912,-3108,740,15484,-175,31,-201
395128382,-2820,1568,15532,-12,-98,-100
395131938,-2604,1408,15544,95,-148,99
395135322,-3564,912,15488,-81,143,130
395138705,-3412,-1156,16612,-94,364,-169
395142373,-3516,644,16168,-242,306,-124
395145905,-2628,-324,16132,-356,428,-433
395149549,-2848,1352,15352,-187,234,-263
395153192,-3088,2360,15776,-9,-43,138
395156575,-4044,-1380,16560,110,-60,179
395160132,-3936,980,15424,46,-8,76
395163255,-3320,-852,16512,-105,-22,-354
395166968,-2392,876,15444,-316,287,-335
395170455,-3276,1580,15752,-27,-55,-303
395174012,-2664,1236,15316,-112,248,69
395177482,-3632,1352,15820,14,36,112
395180778,-4144,-1484,17092,-194,414,-42
395184422,-3624,424,15936,11,164,145
395187719,-2812,-300,16360,-285,152,-425
395191387,-2992,1184,15324,-159,10,-153
395194919,-3000,1664,15352,29,-76,-78
395198302,-3788,-804,16696,101,-147,119
395201859,-3648,672,15480,-131,207,46
395205242,-2264,-228,15784,-113,296,-222
395208886,-3100,768,16128,-303,271,-244
395212442,-2280,748,15928,-331,413,-369
395216024,-2932,668,15200,15,-51,62
395219209,-3720,1848,15616,0,39,181
395222419,-4236,-1944,16888,-21,17,-73
395225889,-3260,956,15584,-126,45,-169
395229358,-2900,1040,15632,-144,50,-329
395232915,-2540,1548,15820,29,-196,-9
395236299,-3536,1060,15416,-55,74,115
395239706,-3732,-1380,16652,-106,218,-125
395243412,-3924,988,16128,8,208,122
395246622,-2768,-620,16296,-405,411,-371
395250265,-2704,1176,15208,-94,143,-203
395253822,-2940,1992,16164,-122,91,13
395257205,-4000,-712,16228,74,-159,119
395260675,-3876,376,15644,121,45,130
395263975,-3024,-476,16488,-191,-48,-360
395267681,-2512,896,15412,-214,232,-252
395271172,-3160,1480,15808,-115,68,-310
395274729,-2856,1288,15192,-62,167,79
395278112,-3616,1212,15908,-6,189,63
395281409,-3844,-1096,16632,-162,290,-6
395284965,-3680,200,15768,68,162,178
395288262,-2960,-344,16460,-295,71,-463
395291848,-2888,1240,15488,55,-106,89
395295202,-3068,1760,15444,25,-78,-18
395298585,-3696,-864,16432,43,-96,7
395301795,-3016,320,15576,-268,390,-261
395305352,-2324,-204,15888,-178,16,-403
395308908,-2504,1572,15244,-250,313,-141
395312552,-2712,1816,15956,-129,192,-49
395316133,-2976,932,15416,-18,-6,29
395319318,-3820,1584,15388,39,215,261
395322701,-3296,-1336,16676,-251,80,-456
395326345,-3156,904,15664,-122,114,-154
395329902,-2772,1392,15568,-189,-53,-380
395333545,-2648,1560,15588,120,-181,56
395337015,-3448,844,15460,-98,127,144
395340423,-3416,-1096,16616,-97,245,-170
395344042,-4088,1040,16128,72,214,183
395347425,-2656,-628,16044,-355,347,-416
395351069,-3268,364,15860,-146,223,-332
395354625,-2964,2584,15824,-17,-65,166
395358096,-3380,368,15612,102,-162,142
395361566,-3676,1256,15336,-1,107,77
395364909,-3312,-1304,16436,64,-208,24
395368367,-2480,804,15404,-344,450,-424
395371889,-3292,1648,15732,-92,-108,-268
395375532,-2808,956,15416,-64,268,47
395378829,-3736,1664,15596,-45,174,69
395382212,-3964,-1432,16692,-141,330,37
395385769,-3640,460,15840,7,280,131
395388982,-2856,-288,16284,-271,-2,-430
395392560,-2912,1220,15428,74,-88,125
395395919,-2892,1656,15412,-5,-162,-90
395399389,-3808,-836,16372,121,-81,44
395402772,-2908,492,15700,-170,283,20
395406155,-2248,84,15592,-162,17,-348
395409538,-2640,1484,15420,-295,420,-143
395413182,-2552,1940,15908,-85,114,-51
395416676,-3952,-672,16296,16,73,81
395419861,-3948,1380,15820,77,82,249
395423158,-3128,-1076,16716,-250,148,-432
395426888,-3204,896,15680,-187,34,-167
395430358,-2804,1268,15692,-32,-104,-133
395434002,-2640,1512,15696,30,-79,46
395437298,-3588,896,15572,-67,125,152
395440706,-3476,-1276,16620,-95,378,-187
395444325,-3476,664,16072,-277,310,-136
395447882,-2536,-188,16256,-311,437,-397
395451525,-2876,1228,15252,-140,234,-230
395455169,-3112,2192,15884,-17,-19,111
395458639,-3280,728,15340,86,-45,156
395461935,-3908,864,15636,44,-41,53
395465192,-3080,-728,16324,-150,33,-336
395468737,-2380,864,15440,-270,213,-350
395472259,-3212,1620,15732,-20,65,119
395475642,-2884,992,15416,-114,214,79
395479025,-3708,1128,16084,105,146,200
395482495,-2888,-816,16424,-188,392,-6
395485965,-3556,236,15596,-121,167,-215
395489546,-2628,36,16312,-259,122,-432
395492992,-3060,1248,15360,60,-180,164
395496462,-3684,1104,15464,41,-115,-33
395499932,-3820,-1104,16620,-12,-86,9
395503315,-2692,584,15548,-146,263,31
395506698,-2172,224,15740,-126,24,-315
395510168,-2620,1588,15400,-67,162,5
395513465,-2684,2064,15632,-54,207,65
395516873,-4140,-1164,16612,-62,197,91
395520318,-3728,296,16156,13,186,211
395523615,-3052,-924,16648,-314,101,-439
395527258,-2808,1596,15340,-155,15,-166
395530815,-2888,1496,15608,5,-71,-110
395534198,-3712,-516,16408,111,-251,115
395537755,-3684,520,15692,-94,274,84
395541076,-2252,-292,15976,-181,-30,-397
395544695,-3204,840,15912,-232,351,-119
395548252,-2668,1636,15960,-394,415,-390
395551895,-2832,1176,15380,25,-69,20
395555192,-3800,1712,15544,-52,114,123
395558661,-4128,-1520,16456,33,-56,-26
395562132,-3308,712,15696,68,44,47
395565314,-2960,-488,16292,-183,-55,-345
395568933,-2448,1636,15512,49,-103,-9
395572281,-3032,1748,15404,-127,116,114
395575838,-3592,-1208,16480,-49,268,-115
395579482,-3960,1016,16048,19,274,167
395582865,-2652,-592,15988,-327,315,-354
395586508,-3372,376,15828,-98,253,-245
395590003,-3032,2176,16076,-271,61,-391
395593535,-2996,1108,15428,123,-140,136
395597092,-3872,996,15356,43,-78,-12
395600388,-3652,-968,16560,23,-106,-38
395603858,-2584,680,15372,-247,353,-288
395607415,-2372,232,15924,-149,-32,-313
395610972,-2848,1248,15352,-234,296,-110
395614640,-2544,2128,15520,-101,182,-27
395618172,-2992,752,15328,74,-42,150
395621469,-4060,1092,15836,1,232,181
395624765,-2888,-584,16224,-276,23,-470
395628322,-2792,1236,15584,-115,69,-145
395631879,-2880,1564,15512,-164,-78,-308
395635522,-2948,1244,15824,142,-192,141
395639082,-3284,1784,15332,-98,153,182
395642573,-3060,-1348,16680,-141,208,-283
395646279,-4396,544,16460,-93,304,57
395649576,-2400,280,16040,-308,325,-387
395653132,-3068,956,15584,-36,126,-229
395656602,-3188,2500,15796,-57,-4,203
395659986,-3548,152,15536,165,-128,194
395663455,-3948,552,16000,-59,84,22
395666712,-3020,-276,16496,-93,-93,-212
395670257,-2028,1500,15476,-211,217,-273
395673866,-3356,1716,15500,-83,-55,-123
395677422,-3112,600,15676,27,280,83
395680632,-4216,388,16424,29,89,185
395683842,-3820,-1552,16956,-265,432,-207
395687572,-3172,764,15568,-114,139,-241
395691153,-2548,656,16004,-221,-12,-316
395694686,-3192,792,15424,-43,-2,-79
395697982,-3152,1744,15100,64,-174,93
395701365,-3552,-1180,16516,-13,19,-134
395704922,-3648,104,15908,-220,318,-92
395708392,-2656,616,15892,-70,-12,-211
395711862,-2544,1428,15756,-271,357,-164
395715530,-2584,2212,15432,-210,201,-229
395719149,-3572,100,15856,60,138,174
395722445,-4160,740,15984,-28,153,75
395725742,-3792,-1872,16932,-104,94,-308
395729386,-2736,1336,15284,-145,-38,-163
395733029,-2800,804,16088,-83,-123,-223
395736586,-3248,644,16056,4,20,-74
395739733,-3352,1484,15164,-130,89,165
395743179,-2776,-1052,16228,-136,231,-313
395746909,-4204,276,16416,-216,360,-13
395750379,-2596,936,15984,-345,356,-397
395753936,-2776,1088,15416,-64,127,-166
395757493,-3348,2360,15612,-165,-18,-121
395761136,-3684,-260,15724,157,-17,166
395764653,-3536,1096,15224,29,-42,101
395767989,-3256,-1096,16424,-106,-19,-285
395771755,-3024,396,15736,-273,409,-248
395775276,-3144,1088,15816,-73,-39,-23
395778746,-2540,1548,15468,-124,327,-37
395782303,-3056,1728,15476,-127,176,-23
395785860,-4084,-968,16384,-25,238,89
395789268,-3864,424,16020,11,212,198
395792539,-3216,-1176,16536,-254,45,-429
395796183,-2812,1592,15308,9,-60,24
395799393,-3332,1588,14972,-24,-163,-120
395803036,-3752,-380,16436,106,-63,121
395806506,-3524,776,15456,-103,163,96
395809889,-2076,-372,15808,-152,97,-384
395813446,-3504,664,15968,-309,428,-151
395817028,-2536,1716,15792,-141,176,-105
395820647,-2944,1192,15296,46,33,35
395823856,-3856,1744,15692,50,84,283
395827153,-3528,-1580,16848,87,-24,-7
395830536,-3280,852,15616,-201,74,-151
395834006,-3068,992,15832,-56,-99,-169
395837476,-2400,1748,15620,12,-49,-38
395840884,-3628,1068,15416,-59,85,236
395844243,-2400,-744,16400,-73,368,-133
395847799,-3732,588,16228,-256,307,-98
395851269,-2628,1424,16120,-335,403,-387
395854913,-2860,1288,15216,-22,-15,-83
395858383,-2988,2064,15928,-97,-2,16
395861679,-3888,-1048,16088,88,-21,86
395865110,-3592,580,15676,51,-59,92
395868272,-3120,-920,16280,-139,53,-343
395871864,-2128,1796,15616,-37,-142,-105
395875473,-2992,1432,15672,-81,72,54
395878769,-3500,-692,16076,-66,248,-54
395882239,-3540,1480,15736,45,125,208
395885622,-3036,-1028,16332,-377,467,-367
395889377,-3512,272,16072,-132,169,-207
395892909,-2760,1988,15936,-234,122,-440
395896553,-3120,1268,15408,73,-174,123
395900023,-3504,1340,15360,32,-165,-56
395903493,-3832,-940,16332,18,-44,56
395906789,-2948,236,15640,-239,291,-307
395910346,-2156,144,15908,-169,80,-379
395913820,-2512,1420,15200,-103,157,13
395917311,-2592,1816,15752,-51,235,-41
395920756,-3936,-904,16416,-68,191,129
395924226,-4004,1300,16024,39,152,208
395927609,-3160,-1008,16648,-283,99,-465
395931253,-3060,912,15624,-176,18,-182
395934723,-2940,1500,15704,-12,-52,-93
395938193,-2604,1456,15692,68,-231,90
395941600,-3648,840,15488,-54,235,131
395944959,-2192,-208,15952,-141,310,-212
395948603,-3520,584,16204,-280,384,-143
395952160,-2500,8,15964,-364,452,-408
395955543,-2940,1096,15192,34,-59,32
395958839,-3712,1880,15696,-56,82,136
395962223,-4156,-1528,16416,2,-36,-45
395965654,-3400,824,15756,-111,138,-140
395969163,-3124,-732,16436,-171,-22,-344
395972841,-2324,1776,15592,-271,205,-338
395976450,-3252,1712,15524,-90,102,108
395979920,-2888,916,15272,-31,164,70
395983216,-3872,1012,15880,71,216,233
395986599,-2756,-592,16248,-223,376,-65
395990181,-3500,408,15808,-92,210,-241
395993626,-2920,2280,15952,-293,144,-405
395997270,-3152,1040,15236,135,-220,177
396000826,-3020,1888,15184,49,-58,11
396004123,-3748,-1080,16720,25,-135,-35
396007680,-2684,552,15536,-116,282,-5
396011063,-2380,216,15788,-140,0,-314
396014471,-2708,1236,15368,-45,196,44
396017829,-2584,2036,15600,-113,216,50
396021299,-3980,-1080,16600,-81,271,66
396024769,-3988,1092,15972,64,213,207
396028153,-2912,-616,16280,-306,27,-481
396031709,-2740,1276,15404,-119,11,-155
396035266,-3012,1608,15436,-59,-73,-81
396038739,-3012,1300,15760,120,-241,102
396042317,-3776,652,15432,-114,287,116
396045763,-3268,-1316,16772,-125,195,-238
396049493,-3532,752,15924,2,215,187
396052703,-2552,-208,15976,-383,383,-442
396056346,-2892,1500,15056,43,-10,72
396059643,-3248,2404,15692,35,91,269
396062939,-4076,-1716,16712,-50,-14,-143
396066684,-3916,948,15704,27,105,55
396069792,-2976,-744,16276,-156,-97,-393
396073475,-2504,1812,15444,-209,168,-346
396077080,-3180,1728,15496,-129,74,124
396080550,-3064,564,15432,-14,156,55
396083846,-3992,976,16060,9,252,183
396087056,-2620,-360,16116,-368,328,-419
396090724,-3360,392,15688,-105,223,-268
396094256,-3032,2396,15780,-287,113,-387
396097900,-3260,996,15260,110,-184,172
396101369,-3716,1116,15392,14,-33,-22
396104753,-3784,-1100,16520,21,-154,-61
396108310,-2536,776,15740,-131,351,1
396111606,-2464,472,15836,-114,-75,-299
396115187,-2652,1256,15320,-291,390,-134
396118806,-2512,2212,15672,-104,134,-7
396122276,-4016,-1100,16668,34,7,201
396125573,-4248,516,16056,12,258,139
396128869,-2752,-120,16424,-273,4,-439
396132339,-2996,1108,15416,-92,63,-107
396135809,-3012,1816,15392,-21,-151,-116
396139477,-2816,1392,15800,176,-221,163
396143010,-3748,464,15500,-150,250,70
396146393,-3116,-1200,16644,-121,182,-270
396150123,-3200,672,16088,-17,313,166
396153506,-2404,272,16060,-361,318,-419
396157063,-2860,996,15080,-66,108,-198
396160533,-3260,2476,15776,-20,3,155
396163833,-3992,-1680,16772,31,21,-58
396167260,-4124,512,15816,-12,133,52
396170509,-3000,-420,16416,-140,-95,-379
396174188,-2412,1548,15576,-213,296,-302
396177796,-3144,1708,15600,-125,-26,99
396181266,-3036,932,15280,31,214,102
396184563,-3952,1020,16132,4,144,199
396187859,-2608,-384,16200,-323,403,-408
396191527,-3380,452,15748,-125,233,-218
396195059,-2880,1972,15968,-281,22,-396
396198616,-3216,1076,15296,73,-97,123
396202000,-3920,908,15604,33,-170,43
396205296,-3684,-1028,16552,37,-11,-61
396208766,-2672,704,15512,-260,223,-289
396212323,-2432,184,15952,-114,-7,-266
396215817,-2704,1296,15264,-96,191,10
396219176,-2432,2212,15524,-57,120,35
396222559,-4136,-1080,16596,-125,377,80
396226116,-4100,1144,15792,30,107,181
396229499,-2880,-680,16300,-234,166,-461
396233143,-3148,1012,15544,-172,20,-201
396236700,-2848,1596,15556,19,-94,-112
396240194,-2824,1328,15592,83,-155,100
396243640,-3648,684,15572,-79,201,99
396246936,-2272,-280,16032,-110,327,-232
396250579,-3356,924,16080,-326,326,-143
396254136,-2552,92,16036,-320,418,-387
396257606,-2788,1228,15272,-11,-47,45
396260990,-3160,2320,15708,-27,33,171
396264420,-4208,-1488,16652,30,-15,-37
396267843,-3316,832,15556,34,25,51
396270966,-2968,-572,16412,-174,14,-383
396274558,-2656,1552,15784,40,-168,46
396277906,-3076,1736,15516,-92,98,70
396281202,-3392,-928,16428,-55,209,-64
396284672,-3776,448,16312,56,186,224
396287969,-2876,-576,16172,-402,399,-420
396291637,-2776,1156,15500,-85,169,-212
396295169,-3012,2044,15784,-114,89,21
396298552,-3844,-840,16128,103,-98,96
396301936,-3784,828,15684,101,30,127
396305232,-3120,-852,16452,-198,-46,-376
396308876,-2648,700,15484,-232,275,-308
396312432,-3216,1400,15796,-144,35,23
396315840,-2664,1364,15372,-65,148,26
396319199,-3228,1828,15484,47,198,227
396322582,-3320,-1404,16488,-65,216,164
396326139,-3648,-20,16212,-127,332,-271
396329696,-2680,1992,15588,-305,56,-434
396333252,-3076,896,15592,118,-137,92
396336636,-3452,1680,15168,-65,-65,-110
396340217,-3876,-924,16472,130,-176,118
396343749,-3836,368,15704,-89,304,44
396347045,-2252,-116,16096,-154,-5,-383
396350602,-2472,1588,15408,-248,388,-194
396354246,-2520,1712,15776,-157,211,-53
396357803,-2912,1080,15136,31,-59,39
396361099,-3936,1612,15560,30,212,261
396364529,-3296,-1440,16812,-5,-41,-67
396367952,-3220,796,15524,-138,160,-167
396371509,-2896,1100,15852,-164,-88,-343
396375187,-2348,1724,15744,83,-181,40
396378536,-3604,976,15240,-97,131,169
396381919,-3408,-1308,16880,-79,245,-178
396385563,-4160,912,15956,41,257,224
396388863,-2616,-448,16136,-344,308,-420
396392527,-2792,1184,15340,-75,168,-233
396396059,-3116,2140,15952,-136,12,37
396399443,-4028,-1128,16300,135,-180,134
396403086,-3764,892,15484,23,29,70
396406209,-3108,-796,16392,-154,-74,-349
396409853,-2440,560,15696,-303,385,-338
396413409,-3152,1784,15752,-142,-63,-290
396417077,-2660,1060,15376,-60,268,15
396420436,-3416,1940,15556,-116,160,-48
396423993,-4192,-1004,16604,-9,246,153
396427463,-4292,332,16200,-8,279,117
396430759,-2520,160,16296,-248,9,-451
396434143,-3208,732,15608,63,-61,133
396437439,-2912,1688,15476,-70,-142,-183
396441107,-3724,-756,16700,163,-127,161
396444639,-3796,472,15688,-162,273,79
396448023,-2248,-60,15996,-104,-21,-375
396451579,-3236,932,16012,-323,500,-125
396455136,-2748,1576,15860,-310,307,-353
396458779,-2888,1040,15040,37,36,-4
396461989,-3672,1940,15572,29,79,260
396465333,-4316,-1428,16580,140,-42,78
396468756,-3368,432,15928,-251,115,-262
396472313,-2856,116,16184,-145,-123,-340
396475991,-2748,1164,15736,50,-144,43
396479339,-3208,1728,15616,-142,45,36
396482723,-3448,-1288,16656,-23,321,-59
396486279,-4256,824,16004,-17,170,166
396489687,-2500,-420,16152,-331,386,-394
396493306,-3340,472,15944,-131,237,-184
396496863,-3116,1860,16088,-91,-7,-3
396500159,-4008,-768,16240,105,-96,142
396503629,-3892,884,15508,71,-48,135
396506926,-3112,-860,16604,33,-35,-66
396510309,-2600,712,15596,-284,284,-307
396513869,-3184,1364,15968,-61,93,6
396517100,-3480,-552,16180,-101,209,15
396520546,-3356,1560,15552,51,117,207
396523929,-3096,-1124,16460,-68,317,50
396527399,-3584,272,15936,-108,212,-171
396530956,-2872,1632,15772,-216,141,-410
396534599,-2840,1344,15468,12,-161,52
396537982,-3684,1404,15288,36,-88,-56
396541390,-3808,-864,16280,31,-134,39
396544749,-3176,316,15740,-221,356,-212
396548306,-2340,-436,15840,-177,90,-381
396551862,-2416,1612,15504,-313,351,-168
396555506,-2664,1704,15792,-139,318,-96
396559063,-2864,1248,15164,-3,-22,-9
396562359,-3808,1632,15696,31,135,259
396565802,-3292,-1404,16588,12,44,7
396568952,-2900,1500,15432,-156,74,-167
396572509,-2736,1076,15932,-85,-43,-209
396576101,-2432,1664,15616,24,-176,6
396579362,-3284,1244,15452,-43,158,207
396582832,-2452,-704,16336,-99,297,-102
396586389,-3952,504,15944,-203,392,-75
396589883,-2596,1108,16048,-320,407,-398
396593502,-2764,1352,15228,-49,10,-96
396596886,-3572,2072,15508,-64,102,22
396600269,-3788,-760,16240,90,-125,104
396603739,-3760,444,15996,115,45,139
396607035,-3140,-952,16504,-188,-35,-356
396610679,-1988,1688,15372,-231,265,-274
396614347,-3036,1508,15924,-121,59,-21
396617792,-3604,-636,16292,-76,117,2
396621089,-3136,1808,15696,11,199,196
396624472,-3296,-1284,16524,-278,293,-258
396628202,-3992,-192,16276,-78,335,-121
396631759,-2580,1620,16204,-306,107,-474
396635403,-2860,1484,15456,59,-139,52
396638789,-2876,1752,15416,-11,-50,-34
396642280,-3804,-860,16520,56,-111,-4
396645639,-3324,636,15876,-110,244,112
396649109,-2428,-752,16012,-137,-7,-354
396652666,-2292,1812,15472,-295,471,-210
396656309,-2624,1620,15976,-150,169,-71
396659866,-2828,980,15236,-13,4,-21
396663076,-3300,2396,15348,-20,120,227
396666593,-3892,-2016,16704,127,-93,177
396670103,-3520,184,15876,-199,219,-279
396673659,-2804,1496,15636,-183,-62,-381
396677338,-2564,1140,15652,78,-93,4
396680513,-3276,1788,15240,-163,113,-41
396684069,-3636,-852,16316,-11,247,13
396687453,-3976,508,16368,51,236,152
396690774,-2852,-592,16180,-305,317,-286
396694393,-2960,1032,15416,-100,227,-153
396698036,-2936,2088,15844,-129,-29,-58
396701593,-3000,1100,15596,108,-199,120
396705150,-3584,1336,15036,44,17,99
396708359,-3292,-1196,16364,87,-178,15
396711829,-2944,512,15756,-282,437,-277
396715411,-3132,1228,16080,-163,-18,-356
396719030,-2520,1412,15452,-98,244,13
396722413,-3336,1800,15632,-147,223,-12
396725970,-3936,-844,16400,-23,223,123
396729440,-3984,188,16032,33,211,248
396732736,-3224,-1072,16608,-273,84,-441
396736380,-2912,1444,15448,-113,129,-140
396740047,-2836,1224,15660,-42,-145,-152
396743667,-2696,1596,15656,87,-187,57
396747050,-3520,820,15552,-88,133,176
396750433,-3532,-1388,16812,-123,242,-220
396754163,-3404,1080,15924,-265,429,-87
396757720,-2756,-416,16236,-312,302,-346
396761364,-2684,1424,15276,-148,255,-290
396765054,-3020,2536,15772,-38,-46,124
396768477,-3328,572,15520,130,-199,208
396771947,-3836,956,15604,23,105,68
396775157,-3096,-968,16444,-39,-131,-83
396778748,-2408,980,15316,-221,341,-335
396782270,-3260,1560,15652,-107,-30,-254
396785914,-2896,1104,15440,-43,193,63
396789322,-2736,2076,15344,-40,205,55
396792680,-4132,-1224,16824,-152,233,-1
396796237,-3520,80,16072,61,278,163
396799447,-2604,-172,16308,-329,24,-465
396803004,-2892,1196,15292,116,-68,131
396806473,-2968,1696,15460,-8,-130,-65
396809944,-3880,-996,16472,81,-103,74
396813327,-3776,404,15784,-135,317,77
396816734,-2384,-136,15728,-158,-16,-370
396820354,-3008,964,15852,-296,463,-171
396823910,-2728,1992,15736,-118,164,-17
396827467,-2944,928,15264,62,41,98
396830590,-3904,1480,15656,6,106,204
396833887,-3252,-1052,16508,-216,147,-413
396837617,-3128,856,15608,-149,86,-159
396841111,-2940,1308,15748,-152,-93,-383
396844730,-2488,1748,15696,58,-93,52
396848027,-3572,980,15440,-127,7,139
396851323,-3404,-1256,16728,-55,301,-148
396854967,-3648,588,16160,-54,199,177
396858350,-2744,-408,15888,-311,392,-391
396861994,-2828,1152,15356,-119,222,-235
396865684,-3004,2308,15784,-68,-61,71
396869020,-3856,-1160,16248,120,-74,177
396872577,-3836,796,15564,71,-38,101
396875873,-3088,-724,16376,15,-22,-51
396879292,-2580,676,15752,-269,255,-302
396882814,-3136,1448,15684,-122,7,-281
396886284,-2652,1504,15392,-63,184,48
396889702,-3460,1536,15780,38,150,202
396893055,-4140,-916,16772,-74,353,107
396896520,-3900,-172,16304,-121,253,-152
396900164,-2968,-604,16364,-281,134,-451
396903807,-2956,1364,15424,-169,43,-172
396907364,-3076,1648,15600,54,-154,-20
396910834,-3720,-860,16676,116,-71,123
396914328,-3704,788,15692,-74,155,100
396917687,-2380,-356,15948,-65,293,-208
396921244,-3144,844,15888,-342,361,-223
396924801,-2676,1892,15860,-286,327,-343
396928444,-2920,912,15188,11,21,66
396931567,-3700,1812,15692,56,130,239
396934950,-4100,-1700,16712,5,90,-35
396938247,-3388,752,15624,-149,39,-188
396941741,-2736,1356,15676,-123,-3,-357
396945273,-2548,1540,15676,62,-209,23
396948657,-3424,1148,15504,-80,84,106
396952040,-3464,-1144,16652,-113,263,-89
396955684,-3740,408,16156,46,166,206
396958980,-2656,-512,16212,-401,439,-446
396962624,-2676,1212,15204,-103,115,-159
396966315,-3084,1892,16048,-100,105,-7
396969737,-3068,1116,15440,79,-220,99
396973120,-3940,804,15440,107,29,134
396976417,-3004,-760,16488,-184,-62,-387
396980095,-2532,816,15512,-238,241,-265
396983617,-3348,1452,15824,-133,110,-279
396987261,-2544,1496,15428,-83,133,15
396990668,-2640,2088,15532,-39,209,70
396994027,-3996,-1264,16780,-93,209,32
396997497,-3668,364,15912,50,184,213
397000794,-2956,-728,16392,-244,78,-420
397004350,-2908,1332,15400,49,-112,41
397007734,-2852,1620,15636,-17,-44,-89
397011204,-3784,-652,16596,86,-149,84
397014611,-3628,676,15528,-81,246,121
397017970,-2232,-204,15788,-174,30,-397
397021527,-2596,1456,15432,-245,342,-132
397025170,-2488,1768,15852,-176,214,-97
397028727,-2868,1228,15160,29,-58,32
397032024,-3740,1704,15576,7,191,257
397035320,-3428,-1416,16676,5,-20,-32
397038707,-3520,700,15588,-117,127,-176
397042285,-2720,1196,15688,-200,-41,-360
397045904,-2380,1528,15756,31,-137,16
397049287,-3432,1364,15108,-104,95,98
397052670,-3488,-1236,16704,-74,245,-85
397056227,-3892,704,16284,59,254,204
397059523,-2872,-880,16200,-319,322,-359
397063167,-2688,1464,15280,-72,113,-133
397066825,-2968,2512,15784,-57,7,109
397070020,-3964,-1420,16328,62,-5,18
397073317,-3828,884,15760,34,5,63
397076353,-2804,240,16192,-138,-47,-331
397079913,-2204,1908,15284,-129,18,-196
397083505,-3132,1476,15856,-96,-44,8
397086763,-3600,-572,16176,-8,357,18
397090084,-4128,552,16324,-94,236,67
397093356,-3256,-1332,16564,-293,421,-257
397097086,-2904,992,15648,-118,326,-137
397100643,-2616,1568,15932,-152,-7,-151
397104200,-3500,-88,15780,37,-64,45
397107409,-3304,1608,15128,56,-125,73
397110793,-3464,-1364,16612,-83,23,-209
397114374,-3444,256,15872,-245,361,-207
397117906,-2856,948,15968,-98,-9,-129
397121289,-2484,1608,15568,-185,315,-72
397124846,-2972,2196,15340,33,50,212
397128143,-3688,-1596,16632,28,228,168
397131613,-4188,376,16196,-52,190,-7
397134909,-2652,512,16104,-202,121,-303
397138466,-2800,1376,15456,-97,-43,-119
397142047,-2860,1868,15152,-86,-142,-248
397145666,-3420,212,16284,133,-107,151
397149136,-3664,244,15932,-94,80,162
397152433,-2680,-888,16380,-124,224,-342
397156076,-2588,1412,15532,-214,304,-40
397159633,-2644,948,15984,-231,300,-237
397163190,-2832,1056,15524,-80,132,-164
397166793,-3252,2428,15580,-1,-33,246
397170130,-3740,-360,15892,132,2,158
397173426,-4068,396,16104,-82,2,-84
397176636,-2776,320,16056,-122,-4,-276
397180106,-2324,1312,15416,-118,28,-223
397183698,-3052,1936,15352,-71,85,146
397187046,-3324,-60,15964,2,280,89
397190193,-4256,376,16484,-75,216,46
397193465,-2532,320,15884,-296,431,-340
397197022,-3148,532,15668,-91,69,-252
397200405,-3292,2620,16048,-1,86,213
397203702,-4216,-1996,16904,-23,-10,-50
397207259,-4072,760,15864,50,77,13
397210382,-2752,-212,16188,-201,-77,-328
397214029,-2400,1060,15484,-178,140,-292
397217693,-3128,1912,15600,-119,100,-241
397221312,-3064,672,15600,-14,121,104
397224695,-3832,1016,15952,6,191,138
397227992,-3992,-1656,16804,-195,263,-116
397231722,-3464,532,15796,29,230,79
397234932,-2652,-20,16288,-307,117,-422
397238489,-3088,988,15192,120,-164,172
397241983,-2900,1860,15276,27,-35,6
397245168,-3736,-1112,16408,14,-153,-45
397248725,-2556,516,15496,-100,355,16
397252108,-2468,88,15980,-150,-54,-331
397255578,-2624,1336,15376,-277,347,-159
397259222,-2568,1948,15692,-130,175,-3
397262692,-3952,-1028,16500,39,-25,132
397266209,-4072,1208,15972,-2,260,219
397269545,-2980,-760,16484,-77,33,-175
397273015,-3132,988,15488,-119,100,-142
397276572,-3008,1448,15768,-165,-47,-343
397280215,-2852,1444,15720,90,-151,91
397283602,-3720,640,15660,-60,95,174
397286930,-3336,-1384,16664,-161,257,-232
397290650,-3224,892,15904,9,314,115
397293835,-2696,-124,15952,-382,316,-361
397297479,-2756,1084,15248,-53,163,-259
397301035,-3188,2356,15832,-71,-41,109
397304505,-4048,-1552,16448,155,-108,174
397308149,-4060,820,15664,26,-18,48
397311359,-2880,-612,16452,-149,-7,-330
397314940,-2480,804,15360,-238,263,-268
397318472,-3116,1592,15916,-156,-10,-259
397322115,-2852,988,15372,-13,221,80
397325412,-3796,1148,16000,-51,158,75
397328795,-3908,-1396,16824,-149,313,-23
397332439,-3564,388,15664,27,261,139
397335735,-2824,-308,16328,-314,50,-451
397339317,-2988,1084,15364,-89,35,-121
397342762,-2948,1728,15296,3,-173,-56
397346145,-3848,-900,16660,66,-18,28
397349442,-2924,456,15544,-147,287,22
397352825,-2224,36,15808,-148,17,-361
397356208,-2556,1476,15328,-131,232,8
397359592,-2620,2008,15772,-95,155,-6
397362975,-3740,-744,16356,-84,304,123
397366492,-3884,1232,15964,39,123,222
397369828,-3172,-928,16668,-240,134,-415
397373471,-3160,812,15712,-209,56,-185
397376942,-2812,1652,15852,2,-180,-99
397380325,-3712,-584,16516,77,-69,62
397383621,-3476,1112,15552,-67,102,145
397387126,-2196,-608,16188,-209,169,-420
397390759,-3380,804,15868,-283,338,-164
397394292,-2628,1592,15812,-307,384,-354
397397935,-2932,1116,15068,-25,28,-23
397401318,-3856,1928,15520,-16,-94,146
397404788,-4064,-1584,16568,14,85,-8
397408085,-3572,676,15512,36,-28,52
397411295,-2852,1096,15888,-128,9,-343
397414789,-2408,1620,15420,10,-150,-59
397418234,-3272,1548,15232,-90,56,43
397421531,-3600,-1044,16608,-69,297,-60
397425088,-4028,448,16268,44,85,196
397428297,-2684,-700,16112,-368,459,-378
397431941,-2772,1152,15332,-62,2,-119
397435324,-2944,1876,16156,-86,82,-41
397438711,-3840,-700,15976,86,-72,125
397442115,-3796,552,15960,107,-78,111
397445474,-3088,-1088,16404,-171,2,-338
397449031,-2152,1652,15472,-257,247,-300
397452674,-2996,1328,15884,-129,106,-2
397456144,-3364,-276,16056,-108,155,1
397459528,-3248,1816,15352,49,212,189
397462911,-3424,-1308,16548,-45,198,98
397466428,-3772,216,16060,-67,279,-102
397469851,-2804,1436,15984,-205,-23,-199
397473494,-2936,1444,15452,10,-152,60
397476878,-3360,1588,15236,-16,-36,-171
397480434,-3684,-264,16244,95,-156,130
397483904,-3484,-32,15952,-31,154,168
397487323,-2396,-524,15976,-248,94,-402
397490869,-2564,1456,15332,-217,338,-93
397494401,-2532,1276,16056,-222,309,-249
397498045,-2660,1620,15216,-35,-26,-35
397501515,-3880,1404,15696,91,170,354
397504898,-3520,-1160,16736,-43,8,-126
397508368,-3528,824,15612,-64,91,-48
397511664,-2736,916,16044,-127,-142,-299
397515332,-2276,2024,15428,27,-78,1
397518517,-3516,1072,15468,-52,117,165
397521988,-3468,-928,16488,-72,247,-100
397525544,-3892,512,16188,-220,442,-62
397529014,-2832,-776,16104,-354,307,-355
397532658,-2764,1060,15448,-138,223,-211
397536301,-2908,2100,15880,-92,7,-9
397539536,-3736,-1036,16268,92,-42,71
397542894,-3716,1016,15236,83,38,96
397546104,-3076,-880,16420,-128,-67,-290
397549748,-2224,1692,15480,-237,314,-302
397553391,-3064,1616,15684,-134,20,21
397556774,-3432,-704,16096,-38,153,37
397560157,-3460,1532,15660,-21,169,183
397563631,-2936,-1136,16508,-82,243,72
397567157,-3880,88,15916,-129,336,-188
397570568,-2684,1876,15860,-299,20,-458
397574124,-3088,1236,15436,82,-69,67
397577421,-3504,1424,15196,77,-98,100
397580804,-3744,-688,16392,112,-81,78
397584187,-3188,320,15816,-273,347,-244
397587779,-2236,-216,15692,-154,-20,-343
397591412,-2516,1568,15256,-190,323,-63
397594944,-2688,1816,15996,-131,139,-65
397598501,-3868,-496,16036,25,2,35
397601624,-3940,256,15992,47,146,255
397604921,-3240,-1192,16792,-232,108,-426
397608651,-3196,716,15504,-162,134,-177
397612208,-2852,1328,15784,-76,-156,-148
397615876,-2700,1528,15632,113,-93,45
397619234,-3320,1112,15352,-89,90,135
397622618,-3520,-1176,16568,-24,262,-100
397626261,-3752,548,16260,-312,395,-132
397629818,-2504,-268,15888,-374,346,-446
397633461,-2944,1124,15300,-80,233,-204
397637018,-2936,2220,15904,-93,-59,49
397640426,-3960,-1156,16232,144,-147,177
397644045,-3972,796,15652,56,-29,60
397647255,-3076,-692,16408,-153,2,-333
397650725,-2484,860,15704,-293,324,-344
397654281,-3092,1456,15768,-131,-36,-285
397657925,-2764,1344,15236,-65,281,74
397661308,-3780,1176,15928,-57,97,92
397664652,-3968,-1284,16684,-137,349,-4
397668161,-3532,288,15960,-98,161,-182
397671631,-2828,-252,16332,-278,81,-453
397675188,-2928,1292,15484,-142,92,-148
397678745,-2868,1720,15332,12,-161,-39
397682215,-3772,-824,16576,151,-114,139
397685772,-3920,336,15740,-117,199,61
397689198,-2116,160,15800,-183,228,-350
397692712,-2984,1160,15784,-305,332,-147
397696355,-2556,428,15976,-304,317,-341
397699912,-2976,864,15168,25,73,69
397703035,-3976,1164,15960,36,146,243
397706418,-4156,-1840,16768,-28,118,-114
397710062,-3028,968,15600,-56,34,-42
397713358,-2940,-224,16368,-116,-38,-322
397717026,-2672,1384,15608,-207,174,-272
397720645,-3064,1908,15328,-100,51,118
397724115,-3296,-1272,16628,1,293,83
397727412,-4276,584,16312,-71,201,116
397730795,-2536,36,15872,-307,417,-364
397734265,-3180,564,15644,-128,104,-238
397737821,-3188,2408,15840,-16,39,131
397741229,-3288,656,15596,74,-145,161
397744588,-4132,764,15732,87,67,76
397747711,-3008,-552,16332,-182,-78,-335
397751355,-2272,1084,15460,-274,201,-306
397754998,-3312,1756,15608,-56,16,-216
397758468,-2956,820,15340,-44,155,51
397761765,-3960,1080,16068,79,222,238
397765196,-3972,-1448,16776,-238,350,-97
397768791,-3192,432,15740,-65,212,-197
397772261,-2756,160,16200,-274,71,-373
397775731,-3208,1008,15456,94,-157,143
397779201,-2988,1832,15360,31,-21,12
397782498,-3724,-1096,16424,-15,-102,-75
397786141,-3764,280,15856,-110,324,19
397789566,-2392,224,15872,-168,-11,-340
397793081,-2828,1236,15952,-291,337,-189
397796725,-2724,2104,15592,-61,179,88
397800108,-3264,472,15308,19,8,92
397803144,-4092,1060,16092,24,267,164
397806528,-2884,-496,16544,-287,16,-446
397810084,-2968,1252,15384,-97,69,-143
397813554,-2804,1684,15536,13,-166,-45
397817049,-2948,1208,15704,163,-195,136
397820581,-3684,456,15704,-142,227,58
397823964,-3220,-1212,16616,-148,214,-254
397827695,-3020,1008,16104,-49,357,92
397831078,-2308,368,15860,-333,277,-391
397834635,-2980,1008,15060,-47,152,-217
397838191,-3292,2484,15776,-23,-20,167
397841686,-4088,-1608,16804,127,-136,180
397845305,-3988,508,15780,-39,100,-23
397848688,-2876,-164,16272,-91,-88,-229
397852245,-2112,1372,15500,-211,212,-268
397855888,-2700,828,15696,-107,-28,-149
397859445,-3208,508,15460,38,263,107
397862742,-4108,692,16148,-20,128,167
397866173,-3884,-1636,16920,-254,380,-173
397869855,-3812,612,15996,-67,285,-9
397873152,-2648,552,16224,-232,24,-331
397876622,-3144,828,15416,-40,11,-108
397880005,-2984,1704,15016,43,-165,39
397883388,-3668,-1048,16496,-24,6,-107
397886858,-3824,-176,15952,-189,275,-112
397890543,-2628,768,15844,-257,139,-420
397894058,-2468,1500,15724,-241,361,-103
397897702,-2576,1168,15916,-210,234,-239
397901345,-3444,276,15616,43,101,179
397904642,-3504,2168,15592,-17,54,265
397908025,-3932,-1940,16940,-121,81,-285
397911668,-3800,548,15792,-94,129,-118
397915163,-2880,604,16060,-125,-126,-240
397918782,-2012,1780,15544,-56,47,-186
397922252,-3280,1772,15300,-44,44,235
397925635,-3568,-976,16348,0,296,4
397928758,-4276,772,16424,-132,290,108
397932228,-2704,-36,15960,-260,361,-378
397935785,-2784,1240,15620,-150,158,-346
397939453,-3580,2344,15572,-82,-81,-5
397942812,-3660,-932,15952,87,56,88
397946022,-4008,1056,15696,-6,-6,-17
397949318,-2952,-280,16372,-53,-31,-219
397952875,-2032,1624,15320,-217,76,-294
397956432,-2808,1356,15940,-40,-43,-80
397959902,-3432,-52,15888,-58,273,60
397963198,-4028,860,16224,-5,115,163
397966544,-3592,-1324,16724,-260,425,-162
397970225,-3088,692,15756,-98,236,-100
397973695,-2548,1164,15840,-172,84,-268
397977252,-3232,308,15296,-25,-111,-11
397980722,-3208,1728,15148,83,-77,40
397984018,-3656,-1128,16484,-86,-70,-115
397987661,-3604,172,15816,-181,252,-104
397991260,-2704,664,15812,-160,158,-358
397994775,-2368,1504,15600,-264,234,-170
397998419,-2596,1652,15848,-156,270,-174
398002062,-3648,-164,15740,-4,90,-57
398005359,-3412,2404,15556,5,79,269
398008568,-4052,-1956,16968,-146,140,-268
398012299,-3704,268,15884,-128,57,-177
398015793,-2848,896,16096,-38,-56,-207
398019239,-2304,1660,15456,-68,-74,-114
398022795,-3256,1680,15176,-22,68,231
398026179,-3552,-900,16556,-63,351,0
398029475,-4132,680,16240,-112,265,21
398032858,-2608,400,16072,-306,409,-334
398036415,-2864,1388,15608,-142,43,-252
398039996,-3464,2284,15492,-61,11,10
398043268,-3904,-820,15976,69,-62,79
398046565,-3888,904,15780,-1,67,-32
398049774,-2812,-12,16232,-177,-49,-386
398053331,-2008,1884,15336,-118,20,-229
398056888,-3208,1572,15372,-69,91,-17
398060271,-3396,-132,16048,-60,215,30
398063658,-4040,596,16192,-79,340,79
398067053,-3468,-1420,16732,-277,360,-227
398070681,-3040,856,15664,-100,195,-229
398074238,-2664,1240,15924,-180,39,-224
398077795,-3460,188,15664,-2,-145,44
398081091,-3344,1644,15032,56,-28,67
398084388,-3472,-1228,16620,-78,-68,-187
398088031,-3496,120,15924,-144,397,-150
398091634,-2864,836,16000,-95,-63,-201
398095058,-2540,1664,15536,-212,270,-118
398098702,-2696,2116,15604,-235,355,-206
398102345,-3716,340,15940,101,30,274
398105642,-4044,-120,16236,-81,337,-57
398109112,-3512,-1516,17012,-240,94,-456
398112755,-2788,1308,15512,-29,76,-14
398116163,-2892,488,16160,-145,-87,-334
398119695,-3392,876,16012,-36,-118,-62
398123165,-3472,1112,15468,-53,143,247
398126635,-2596,-812,16428,-79,289,-107
398130192,-4116,552,16176,-117,388,24
398133575,-2568,876,15976,-368,388,-351
398137132,-2872,1240,15332,-4,76,-103
398140540,-3448,2316,15600,-174,60,-82
398143985,-3768,-516,15948,143,-64,135
398147455,-3980,480,15896,-96,144,-81
398150838,-3208,-1076,16408,-110,-95,-289
398154569,-2032,1552,15408,-215,387,-266
398158212,-3124,1276,15972,-120,-21,-89
398161769,-2624,1572,15324,-71,192,22
398165200,-3120,1740,15588,-2,118,154
398168535,-3440,-1168,16700,-15,187,132
398172092,-3904,196,16028,-90,302,-109
398175562,-2524,1332,15816,-236,80,-447
398179119,-2864,1560,15372,23,-53,31
398182415,-3248,1648,15068,-71,-139,-178
398186059,-3552,44,16316,148,-124,168
398189465,-3500,-124,15824,-106,191,175
398193034,-2208,-376,16160,-192,105,-462
398196642,-3540,788,16088,-222,396,-62
398200112,-2608,1344,15940,-212,198,-195
398203756,-2972,1360,15468,36,33,-33
398207052,-3660,1884,15656,-7,117,271
398210436,-3688,-1612,16984,82,-35,30
398213822,-3404,464,15840,-179,130,-154
398217400,-2920,752,15976,-153,-111,-316
398221019,-2244,1660,15460,-25,9,-108
398224402,-3240,1572,15168,-100,-39,48
398227872,-3420,-728,16428,-43,318,-31
398231342,-3960,504,16236,24,173,187
398234639,-2940,-1068,16524,-340,410,-343
398238369,-2752,1336,15556,-130,333,-253
398242037,-2788,2112,15800,-96,-65,-20
398245483,-2988,1288,15308,112,-94,150
398248953,-3648,1264,15308,34,-81,67
398252249,-3296,-1180,16408,69,-130,60
398255719,-2948,388,15504,-325,373,-327
398259276,-3108,1412,15936,-164,-46,-368
398262919,-2708,1296,15460,-150,287,-5
398266438,-2640,2008,15804,-115,141,-61
398269946,-4004,-868,16424,7,250,147
398273242,-3796,336,15972,-14,187,222
398276626,-3156,-1144,16564,-215,96,-432
398280269,-2740,1472,15356,-195,101,-132
398283913,-3012,1376,15636,-44,-156,-164
398287556,-2772,1392,15600,93,-77,42
398290876,-3540,1068,15408,-103,120,158
398294444,-3284,-1032,16524,-54,332,-166
398298053,-3596,460,16092,11,220,148
398301350,-2448,-152,16064,-364,366,-411
398304993,-3024,1084,15220,-92,246,-221
398308550,-3040,2288,15840,-61,-59,107
398312020,-4028,-1384,16304,138,-121,202
398315688,-3832,912,15608,11,-9,46
398318786,-3004,-784,16448,-100,-35,-303
398322430,-2468,720,15536,-304,329,-357
398325987,-3268,1572,15604,-105,-41,-270
398329630,-2784,1064,15548,-69,277,61
398333013,-3736,1428,15676,-77,119,68
398336397,-4072,-1368,16644,-63,348,26
398339891,-3532,292,15804,3,219,132
398343076,-2904,-284,16316,-265,57,-440
398346633,-3032,1088,15408,53,-121,101
398350103,-3060,1436,15496,-30,-145,-92
398353660,-3732,-592,16580,80,-25,71
398356956,-3204,124,15852,-121,202,98
398360340,-2308,84,15872,-149,85,-358
398363726,-2656,1484,15600,-126,204,32
398367241,-2596,1988,15748,-48,118,5
398370489,-3948,-884,16348,-100,320,76
398373959,-3852,1636,15716,76,78,250
398377256,-3312,-1264,16580,-258,167,-437
398380986,-3140,876,15584,-188,49,-179
398384456,-2944,1260,15652,-12,-59,-151
398388013,-2532,1584,15548,51,-136,26
398391419,-3508,912,15224,-68,142,129
398394814,-2324,-368,15972,-72,358,-171
398398336,-3736,652,16184,-248,282,-75
398401806,-2428,1380,15932,-332,451,-405
398405450,-2708,1536,15052,-49,-3,-55
398408833,-3812,1648,15716,1,-56,204
398412129,-4112,-1540,16484,-34,145,-100
398415797,-3448,916,15676,57,-49,52
398418983,-3260,-1164,16388,-129,44,-350
398422626,-2052,2096,15480,-331,258,-427
398426270,-3200,1632,15736,-42,62,123
398429653,-3496,-964,16580,-109,248,12
398433123,-3640,1456,15804,53,92,216
398436419,-2820,-936,16392,-381,463,-369
398440087,-3492,284,15812,-129,172,-202
398443619,-2724,1888,15992,-233,129,-409
398447263,-3096,1312,15440,58,-182,87
398450646,-3616,1332,15100,55,-122,-45
398454116,-3780,-876,16604,-6,-68,15
398457413,-3036,440,15748,-233,332,-271
398460970,-2272,-40,15688,-149,89,-352
398464488,-2668,1560,15464,-281,321,-169
398468083,-2584,1928,15860,-79,266,12
398471466,-3920,-800,16400,-17,-3,27
398474763,-3908,1448,15756,57,171,264
398478146,-3308,-1084,16796,-264,54,-432
398481790,-3212,848,15544,-148,62,-189
398485259,-2908,1340,15756,-92,-60,-148
398488820,-2516,1536,15576,74,-207,52
398492228,-3628,912,15376,-84,256,175
398495618,-3580,-1252,16728,-84,214,-164
398499226,-3516,708,16096,-248,425,-134
398502783,-2576,-232,16128,-377,389,-382
398506427,-2772,1080,15544,-110,125,-257
398510070,-2908,2532,15740,-87,83,103
398513453,-4048,-1456,16416,140,-213,168
398517121,-3932,852,15616,76,74,69
398520220,-3120,-788,16496,-28,-35,-102
398523777,-2552,736,15588,-234,243,-311
398527333,-3032,1412,15724,-134,92,-307
398530890,-2804,1264,15232,-32,142,38
398534273,-3656,1276,15712,-18,205,127
398537743,-3952,-1544,16888,-125,250,-33
398541411,-4088,1160,15772,38,224,111
398544770,-2844,-360,16244,-267,14,-411
398548327,-2908,1392,15324,-144,-9,-179
398551884,-2856,1692,15384,-12,-111,-30
398555440,-3068,1100,15924,138,-219,152
398558997,-3720,472,15820,-102,327,59
398562380,-3068,-1144,16668,-147,203,-291
398566171,-2952,732,15904,-40,225,62
398569407,-2412,344,16080,-358,384,-388
398572964,-2904,948,15028,66,17,77
398576087,-3900,1520,15740,-26,91,157
398579470,-4120,-1776,16836,-12,-17,-65
398583027,-3120,1004,15752,63,111,58
398586323,-2956,-464,16228,-170,-66,-340
398589990,-2512,1644,15476,-218,181,-316
398593610,-3196,1884,15460,-88,23,150
398597029,-3492,-1184,16728,-46,180,104
398600550,-4008,956,16144,-18,253,168
398603934,-2636,-412,16176,-304,335,-317
398607577,-3400,456,15716,-120,255,-239
398611134,-2932,2364,16024,-259,95,-383
398614715,-3128,848,15448,126,-158,186
398618161,-3088,1848,15164,70,-53,39
398621457,-3672,-1060,16532,-6,-132,-66
398625014,-2460,772,15500,-121,313,-10
398628484,-2416,340,15888,-139,-48,-297
398632041,-2672,1312,15156,-254,330,-162
398635684,-2504,2224,15732,-97,141,20
398639092,-3212,976,15260,22,-16,217
398642364,-4216,512,16140,-3,271,128
398645660,-2772,56,16272,-290,14,-404
398649044,-3192,864,15632,-64,37,-73
398652340,-2868,1480,15472,-86,-135,-135
398655984,-3632,-648,16540,166,-220,140
398659540,-3912,20,15740,-149,274,70
398662837,-2164,108,15868,-156,207,-344
398666442,-3184,904,15816,-292,458,-150
398669950,-2632,1984,15752,-323,295,-379
398673594,-3012,968,15280,67,57,120
398676804,-3908,1544,15764,-44,63,192
398680187,-4164,-1760,16808,14,11,-94
398683570,-3136,816,15532,-168,93,-155
398687040,-3112,-460,16352,-135,-119,-346
398690794,-2488,1732,15636,-211,251,-300
398694414,-3292,1604,15560,-86,-14,137
398697919,-3080,652,15480,-7,215,58
398701094,-4112,780,16124,-16,216,132
398704477,-2444,-200,16120,-328,382,-378
398708120,-3272,608,15528,-114,264,-213
398711677,-3032,2432,15604,-258,-4,-374
398715258,-3052,996,15332,150,-102,179
398718704,-3848,784,15504,21,-122,17
398722000,-3844,-1084,16524,0,-77,-59
398725384,-2492,768,15564,-286,292,-379
398728940,-2536,600,15696,-124,-60,-253
398732497,-2856,1088,15208,-47,203,64
398735880,-2644,2056,15560,-98,95,59
398739201,-3964,-1272,16684,-81,376,37
398742647,-3652,396,15824,-33,137,156
398746030,-2828,-408,16488,-267,101,-442
398749673,-3020,1276,15356,-192,64,-175
398753230,-2904,1836,15364,-8,-169,-49
398756700,-2952,988,16020,164,-128,164
398760170,-3864,444,15596,-108,203,76
398763557,-2012,12,15828,-114,246,-293
398767072,-3100,932,15992,-339,359,-173
398770580,-2708,2104,15628,-339,313,-399
398774224,-2960,984,15212,27,18,105
398777434,-3860,1420,15876,-36,-29,211
398780904,-4132,-1752,16788,-22,95,-57
398784374,-3132,824,15572,-3,31,17
398787497,-2808,1584,15564,-117,15,-312
398791077,-2768,1356,15860,64,-209,74
398794436,-3488,1076,15392,-86,64,85
398797737,-3540,-1240,16788,-113,259,-131
398801498,-3648,472,16196,36,168,158
398804760,-2696,-84,16132,-377,473,-409
398808317,-2704,1152,15172,-154,147,-265
398811960,-2920,2412,15924,-4,31,79
398815194,-4008,-1296,16380,25,-14,35
398818553,-3932,1060,15520,88,-5,100
398821850,-3016,-792,16408,-193,-37,-361
398825493,-2608,940,15528,-258,211,-317
398829050,-3176,1508,15940,-81,100,0
398832346,-3664,-708,16160,-104,128,58
398835816,-3568,1528,15704,91,177,221
398839224,-2976,-992,16272,-143,317,26
398842670,-3748,328,15900,-67,192,-141
398846140,-2700,1800,15960,-301,184,-447
398849783,-2992,1308,15352,72,-198,93
398853166,-3564,1420,15308,28,-33,-42
398856549,-3768,-828,16404,51,-163,47
398859933,-3084,396,15836,-234,427,-256
398863490,-2140,-140,15860,-201,4,-409
398867008,-2508,1476,15380,-117,222,-11
398870516,-2592,1856,15792,-184,268,-86
398874073,-3856,-564,16312,-9,-49,34
398877370,-3940,1616,15760,55,222,268
398880753,-3236,-1284,16704,-279,83,-449
398884396,-3224,856,15840,-133,79,-134
398887866,-2920,1092,15892,-99,-137,-200
398891533,-2328,1728,15556,26,-151,-31
398894980,-3480,1104,15296,-51,153,149
398898450,-3452,-1220,16676,-83,210,-152
398902128,-3724,616,16152,63,224,223
398905390,-2684,-612,16076,-383,359,-414
398909033,-2816,1260,15196,-77,188,-219
398912590,-2868,2096,15832,-125,48,-5
398915998,-3940,-824,16280,122,-211,135
398919530,-3764,1052,15448,34,89,99
398922740,-3228,-956,16312,-123,-84,-330
398926383,-2616,560,15516,-235,358,-316
398929940,-3312,1424,15916,-136,-44,-298
398933584,-2628,1284,15404,-68,223,14
398936967,-3444,1624,15684,-73,194,10
398940375,-4108,-1152,16700,-89,253,54
398943820,-3616,420,15804,13,265,158
398947117,-2996,-672,16480,-251,6,-385
398950587,-2952,1308,15516,21,-22,44
398953883,-3360,1580,15004,-41,-162,-116
398957527,-3704,-628,16512,155,-96,98
398960910,-3416,252,15692,-106,263,112
398964429,-2184,-288,15900,-141,-1,-354
398967937,-2608,1604,15252,-293,468,-142
398971580,-2576,1648,15752,-118,145,-141
398975224,-2900,1168,15140,32,31,36
398978433,-3848,1652,15700,3,114,228
398981730,-3548,-1396,16788,56,-18,-32
398985200,-3300,708,15808,-201,145,-186
398988760,-2900,1144,15784,-160,-117,-359
398992510,-2368,1656,15468,27,-53,-30
398995870,-3060,1772,15520,-133,-24,95
398999340,-3596,-1140,16752,-9,288,-46
399002845,-3952,1156,15816,-19,229,208
399006280,-2736,-644,16324,-312,346,-398
399009924,-3472,292,15740,-102,313,-229
399013480,-2948,2060,15980,-92,-69,0
399016801,-3136,1076,15712,93,-106,132
399020247,-3716,1200,15364,63,-62,93
399023543,-3168,-1076,16260,81,-101,29
399027013,-2916,372,15724,-314,353,-322
399030570,-2964,1492,15844,-165,-37,-380
399034214,-2572,1488,15300,-84,273,3
399037510,-3316,1776,15412,-100,102,-1
399041005,-4004,-996,16588,-38,314,112
399044450,-3872,184,16020,2,181,198
399047660,-2624,1452,16052,-250,68,-442
399051217,-2904,1432,15444,-33,-119,-19
399054773,-2900,1500,15676,-22,-189,-120
399058417,-3628,-548,16484,107,-80,90
399061800,-3488,1032,15460,-104,159,105
399065459,-2180,-512,16116,-20,239,-124
399068914,-3616,476,16220,-329,430,-147
399072470,-2652,1756,15900,-331,344,-419
399076114,-2832,1104,15132,-45,56,15
399079410,-3628,2168,15524,-86,-3,26
399082707,-4088,-1376,16296,82,52,40
399086003,-3496,648,15900,-145,64,-138
399089497,-2828,612,16004,-95,-8,-336
399092857,-2192,1660,15460,-52,-146,-114
399096500,-3188,1704,15212,-108,48,13
399099883,-3444,-680,16360,-28,287,-22
399103392,-4184,448,16456,36,98,226
399106563,-2928,-852,16372,-334,484,-365
399110206,-2936,984,15532,-74,25,-181
399113593,-2724,1804,16120,-151,95,-78
399117084,-3636,-304,15784,84,-98,146
399120443,-3420,1356,15108,92,-80,124
399123826,-3392,-1104,16388,-177,-11,-303
399127557,-3240,348,15688,-229,212,-212
399131113,-3080,828,16068,-119,83,-143
399134583,-2496,1616,15372,-184,212,-126
399138227,-3056,2116,15420,-41,174,-42
399141721,-3880,-708,16124,-65,230,133
399145167,-4036,740,16040,6,54,212
399148290,-2536,480,16000,-228,185,-348
399151847,-2856,1460,15540,-21,-114,-60
399155403,-2984,1104,15988,-46,-36,-180
399158960,-3380,36,16168,76,-143,156
399162257,-3800,220,15944,-15,133,189
399165688,-2612,-896,16408,-208,105,-352
399169283,-3936,520,16116,-243,337,-25
399172753,-2696,1136,16084,-212,318,-240
399176397,-2788,1276,15444,-44,-39,-121
399179954,-3584,2236,15536,23,184,250
399183337,-3752,-764,16196,77,-67,78
399186633,-3752,628,15856,-49,105,-41
399190040,-2764,368,16068,-167,22,-329
399193487,-2172,1644,15308,-75,-31,-195
399197043,-3160,1748,15220,-86,95,-38
399200427,-3344,-180,15964,-21,178,20
399203845,-4368,404,16352,-88,384,63
399207106,-2448,544,15984,-355,363,-291
399210663,-2864,1096,15624,-83,123,-190
399214244,-2696,1496,15928,-203,70,-191
399217777,-3620,16,15784,138,-148,161
399221160,-3260,1736,15080,87,28,76
399224369,-3404,-1272,16480,-114,-85,-204
399228100,-3488,-72,15900,-204,373,-209
399231657,-2808,1164,15828,-87,-56,-112
399235213,-2576,1464,15396,-193,287,-84
399238773,-2752,2252,15376,21,97,169
399242091,-3856,-308,15996,-32,121,176
399245537,-4120,400,16236,-52,307,-5
399248833,-2684,576,15928,-196,44,-347
399252303,-2904,1320,15436,-45,6,-75
399255600,-3064,1924,15100,38,-129,12
399258983,-3292,420,16072,179,-182,173
399262453,-3896,-12,15820,-170,298,-45
399265971,-2676,-1012,16552,-179,119,-405
399269653,-2772,1404,15504,-263,395,-130
399273297,-2520,940,16076,-240,229,-289
399276853,-3452,560,15344,-30,35,-145
399280237,-3376,2316,15580,-12,77,260
399283620,-4052,-1832,16988,-75,51,-261
399287177,-3892,456,15904,-74,155,-45
399290583,-2836,312,16168,-138,-103,-342
399294203,-2044,1748,15496,-88,124,-210
399297760,-3300,1884,15208,-79,1,-81
399301057,-3456,-92,15840,28,266,107
399304388,-4364,536,16320,-104,237,68
399307736,-2328,372,15968,-332,396,-274
399311293,-3084,940,15392,-105,154,-196
399314874,-2608,1140,16200,-217,5,-250
399318320,-3456,268,15416,101,-26,174
399321703,-3984,732,15776,18,-63,42
399324913,-3620,-1224,16556,-20,-72,-170
399328556,-2220,1300,15424,-233,391,-159
399332200,-2688,548,15972,-72,-30,-205
399335670,-2936,796,15504,-234,404,-160
399339251,-2756,2248,15468,17,18,179
399342523,-3900,-1556,16976,-4,170,211
399345993,-4260,652,16028,-6,207,77
399349203,-2552,280,16272,-238,91,-397
399352673,-2880,1536,15500,-83,-3,-104
399356143,-2984,1808,15472,34,-103,6
399359439,-3676,-1012,16500,168,-112,138
399363083,-3776,292,15952,-145,234,13
399366514,-2428,236,15836,-135,241,-352
399370023,-2928,1216,15668,-303,335,-163
399373666,-2356,856,16072,-262,232,-292
399377223,-3404,632,15416,2,125,131
399380433,-4044,1084,15900,-6,-24,236
399383816,-4104,-1832,17020,-58,134,-180
399387459,-3020,1152,15660,-65,83,-9
399390779,-2980,-188,16236,-90,-53,-314
399394313,-2832,1484,15576,-217,122,-280
399397956,-3132,1840,15524,-44,28,212
399401340,-3428,-1400,16764,-38,288,53
399404845,-4012,948,16188,-57,191,144
399408193,-2620,-164,16168,-336,417,-380
399411836,-3116,760,15580,-177,188,-251
399415418,-3220,2168,15876,-174,-3,-266
399418950,-3152,572,15700,71,-82,135
399422246,-3896,656,15720,64,-197,62
399425543,-3596,-1212,16536,-72,-13,-97
399429100,-2164,952,15468,-248,179,-324
399432656,-2628,524,15968,-83,7,-244
399435953,-2704,1160,15192,-61,190,60
399439361,-2548,2180,15408,71,33,149
399442633,-3824,-1308,16772,-245,379,-71
399446276,-3476,340,15748,8,173,117
399449486,-2840,-228,16216,-270,103,-410
399453129,-2928,1152,15368,-143,-18,-137
399456773,-3052,1696,15384,17,-89,-44
399460156,-3532,-936,16372,78,-116,91
399463543,-3844,444,15796,-79,223,62
399466884,-2248,-80,16028,-183,55,-354
399470306,-2848,1096,15728,-290,320,-156
399473949,-2728,1968,15904,-113,229,-20
399477506,-2968,952,15304,-13,-14,77
399480803,-3760,1360,15572,17,248,226
399484186,-3364,-1140,16640,3,-19,-60
399487569,-3288,708,15800,-129,112,-160
399491149,-2820,1436,15580,-204,-18,-373
399494769,-2632,1572,15568,121,-199,97
399498239,-3140,1692,15656,-55,125,127
399501709,-3216,-1048,16528,-84,202,-158
399505388,-4248,736,15968,62,234,211
399508649,-2540,-272,16216,-392,379,-420
399512293,-3192,684,15560,-115,145,-200
399515874,-2992,2108,15860,-222,107,-330
399519493,-3112,952,15500,89,-216,132
399522876,-3796,1156,15568,54,-44,15
399526173,-3760,-1156,16684,-18,-97,-54
399529730,-2748,540,15468,-211,322,-320
399533286,-2348,348,15964,-185,39,-326
399536756,-2560,1388,15276,-56,170,31
399540164,-2664,2320,15460,-20,194,110
399543610,-3900,-1368,16820,-142,281,-25
399547253,-4008,1252,15996,26,289,176
399550636,-3128,-744,16440,-267,29,-395
399554193,-2948,1140,15560,-154,52,-196
399557750,-2868,1600,15524,-144,0,-335
399561220,-2836,1072,15744,69,-192,67
399564664,-3588,872,15584,-125,267,67
399567986,-3152,-1168,16508,-115,220,-217
399571717,-3540,624,15916,-10,194,139
399575100,-2440,184,16204,-379,367,-379
399578657,-2940,1012,15144,-97,113,-203
399582213,-3216,2328,15728,-42,56,146
399585597,-4048,-1584,16668,22,-18,-32
399589090,-4028,624,15520,20,119,41
399592276,-2988,-460,16300,-158,-121,-324
399596007,-2416,884,15584,-218,230,-325
399599563,-3172,2028,15732,-104,17,123
399603033,-2912,604,15172,-18,178,95
399606365,-3584,1588,15884,7,198,145
399609626,-3088,-1104,16492,-110,222,85
399613183,-3292,104,15800,-163,345,-337
399616764,-3020,2344,15688,-269,18,-412
399620296,-3176,688,15636,101,-165,146
399623767,-2992,1668,15144,-30,-29,-69
399627237,-3748,-964,16612,83,-173,38
399630620,-2832,284,15704,-80,354,23
399633916,-2196,416,15840,-190,-15,-351
399637473,-2696,1072,15192,-237,322,-112
399641141,-2604,2120,15656,-131,157,-41
399644673,-3956,-992,16456,31,-17,134
399648056,-3944,1372,15732,13,240,211
399651440,-3260,-924,16644,-41,-15,-123
399654997,-3020,1052,15644,-137,146,-157
399658640,-2988,-284,16168,-171,-76,-372
399662284,-2620,1540,15820,145,-184,82
399665802,-3136,1712,15556,-125,56,161
399669224,-3388,-1240,16732,-81,256,-173
399672867,-4220,732,16140,3,287,209
399676077,-2548,-272,16024,-365,349,-379
399679720,-3360,460,15748,-81,211,-251
399683190,-3028,2428,15848,-68,-12,95
399686574,-3020,820,15444,147,-137,164
399690067,-3844,948,15676,-18,92,32
399693253,-3216,-880,16644,-103,-72,-287
399696897,-2672,708,15560,-286,346,-360
399700454,-3128,1728,15744,-150,-29,-347
399704097,-2820,1192,15240,-31,237,124
399707602,-2584,2240,15556,-74,161,48
399710950,-3992,-1284,16772,-95,286,24
399714445,-3768,464,15904,5,275,184
399717630,-3044,-604,16328,-285,44,-425
399721187,-2972,1376,15424,-96,108,-143
399724744,-3004,1480,15576,-36,-146,-130
399728387,-3696,-468,16436,113,-168,95
399731857,-3736,524,15628,-84,224,126
399735240,-2356,-144,15956,-164,215,-263
399738887,-3248,836,15848,-250,465,-115
399742465,-2480,-68,15916,-327,323,-363
399745997,-2732,1100,15196,57,63,87
399749207,-3824,1696,15488,-56,23,140
399752590,-4140,-1580,16692,48,-20,-18
399756060,-3464,632,15792,-186,68,-146
399759530,-3084,-544,16336,-177,-96,-372
399763174,-2396,1520,15400,-195,266,-292
399766866,-3220,1720,15808,-134,4,46
399770114,-3360,-936,16576,-6,191,56
399773410,-3892,1028,16124,-6,163,233
399776794,-2764,-668,16272,-322,410,-407
399780437,-3436,384,15788,-116,248,-213
399783994,-2768,2000,15984,-263,28,-430
399787551,-3124,1084,15388,116,-71,156
399791044,-3656,1148,15400,-8,-129,-32
399794491,-3768,-824,16524,51,-82,-7
399797787,-2956,396,15868,-278,323,-277
399801344,-2504,-184,16192,-158,-22,-333
399804987,-2388,1612,15200,-316,457,-194
399808666,-2736,2004,15740,-54,90,23
399811927,-3884,-1056,16552,22,52,126
399815335,-3756,1456,15512,-18,169,184
399818781,-3256,-1140,16612,-195,101,-369
399822511,-3220,848,15672,-180,112,-167
399826068,-2804,1304,15700,-143,-95,-363
399829711,-2736,1396,15512,63,-94,52
399833007,-3704,944,15584,-82,23,133
399836304,-3176,-1268,16700,-80,270,-145
399839972,-3668,620,15948,-5,259,159
399843244,-2468,-316,16048,-323,319,-390
399846888,-2888,1120,15292,-118,274,-223
399850531,-3076,2316,15804,-69,-56,90
399853914,-3988,-1320,16404,142,-119,186
399857558,-3688,1036,15564,0,-14,47
399860768,-3128,-868,16520,26,-97,-35
399864199,-2592,500,15744,-334,315,-323
399867708,-3176,1668,15796,-140,-63,-320
399871351,-2596,1076,15204,-90,278,42
399874734,-3716,1580,15752,-21,52,78
399878031,-4096,-1352,16872,-127,391,22
399881587,-3620,528,15840,-117,139,-163
399885144,-2964,-480,16472,-238,107,-415
399888791,-2948,1232,15644,-184,81,-191
399892368,-2900,1688,15412,-21,-151,-77
399895901,-2948,1156,15720,143,-105,138
399899458,-3828,716,15672,-79,158,126
399902841,-3220,-1328,16816,-95,274,-206
399906485,-3340,912,15964,-303,344,-166
399910077,-2532,72,16112,-326,360,-405
399913515,-2912,1088,15312,-18,35,61
399916833,-3000,2500,15756,-46,-24,122
399920278,-4020,-1472,16516,57,68,-26
399923661,-3584,816,15756,30,-3,118
399926871,-3164,-1128,16384,-139,24,-377
399930515,-2144,2248,15488,-333,290,-468
399934158,-3140,1956,15716,0,-36,247
399937455,-3444,-1472,16736,-155,362,-255
399941209,-3652,1984,15712,55,91,258
399944481,-3012,-1508,16568,-19,306,151
399948038,-3356,252,15928,-252,240,-388
399951595,-2888,2312,15808,-263,32,-372
399955152,-3200,528,15836,43,-111,7
399958361,-3324,2028,15124,44,-49,105
399961745,-3876,-696,16364,156,-81,217
399965264,-3064,-8,15948,-361,339,-501
399968685,-2136,832,15884,-164,53,-290
399972155,-2816,720,15404,-112,172,-39
399975625,-2456,2052,15764,-153,142,-124
399979268,-3864,-956,16392,-37,300,152
399982738,-3988,1336,15648,17,115,219
399986121,-3064,-1228,16664,-218,172,-387
399989875,-3260,720,15528,-195,67,-173
399993322,-2852,1464,15652,-150,-78,-392
399996965,-2636,1332,15676,77,-109,69
400000348,-3552,1192,15504,-103,9,85
400003645,-3432,-996,16812,-70,344,-105
400007202,-3684,396,16276,-252,322,-128
400010793,-2644,-324,16092,-345,434,-432
400014426,-2932,1016,15340,-125,222,-179
400018045,-2944,2064,15808,-67,0,39
400021255,-3952,-1044,16276,105,-50,89
400024725,-3748,1172,15536,59,-62,108
400028108,-3280,-1028,16536,-169,51,-342
400031752,-2824,592,15792,-276,269,-322
400035309,-3084,1420,15692,-125,-25,-335
400038980,-2428,1416,15092,-113,211,-15
400042509,-2576,1920,15868,-133,87,-74
400045979,-3904,-644,16416,-9,313,199
400049362,-4004,916,15860,58,116,222
400052659,-2992,-552,16552,-269,201,-464
400056302,-3096,1164,15508,-151,19,-108
400059859,-2864,1412,15680,-53,-76,-197
400063416,-2644,1492,15604,84,-119,53
400066901,-3556,964,15436,-61,158,117
400070182,-2352,-508,16068,-87,317,-135
400073739,-3568,512,16112,-281,326,-124
400077296,-2512,-172,16116,-282,381,-364
400080939,-2892,1232,15380,-21,-34,-48
400084409,-3184,2364,16032,-57,25,105
400087792,-3912,-1416,16360,43,-34,35
400091204,-3644,1200,15440,37,-1,46
400094385,-3216,-1188,16636,-196,26,-351
400098029,-2148,1892,15372,-290,261,-357
400101672,-3316,1596,15740,-25,33,77
400104969,-3308,-704,16340,-75,198,50
400108352,-3464,1640,15740,27,194,185
400111774,-3172,-1096,16396,-323,343,-254
400115490,-3676,200,15952,-100,205,-166
400119022,-2780,1632,16076,-245,183,-459
400122666,-2872,1320,15500,4,-184,37
400125962,-3332,1536,14980,-7,-65,-124
400129432,-3580,-588,16380,84,-178,65
400132816,-3364,312,15580,-66,201,113
400136199,-2292,-508,16036,-182,62,-381
400139780,-2636,1596,15436,-276,308,-150
400143399,-2548,1712,16060,-123,308,-106
400147043,-2976,1004,15452,-21,-6,-14
400150426,-3544,2072,15524,53,162,259
400153809,-3804,-1724,16860,53,14,53
400157106,-3664,540,15760,-129,52,-147
400160575,-2748,1012,15864,-103,-45,-232
400164267,-2244,1592,15464,17,-155,-81
400167689,-3224,1672,15312,-66,21,50
400170986,-3604,-936,16448,-104,273,-48
400174542,-4008,648,16280,-125,336,-33
400178012,-2772,-860,16432,-340,461,-300
400181656,-2880,1184,15340,-144,219,-192
400185299,-2736,2004,15980,-91,62,-46
400188686,-3772,-764,16092,86,-159,139
400192176,-3444,1436,15176,72,12,76
400195362,-3400,-1232,16548,-140,-74,-242
400199093,-3216,100,15636,-276,321,-318
400202649,-2960,1324,15860,-123,48,-381
400206206,-2468,1340,15408,-197,231,-56
400209763,-2880,2368,15276,-134,236,-188
400213445,-3820,-256,16268,26,137,264
400216814,-3748,1280,15700,43,137,245
400220173,-3420,-1128,16652,-263,142,-413
400223903,-3292,644,15768,-126,-10,-84
400227373,-2952,1100,15916,-76,5,-250
400230756,-2416,1916,15444,-10,-140,-52
400234313,-3308,1260,15408,-55,143,197
400237783,-3416,-996,16456,-95,317,-94
400241278,-3852,596,15972,-199,304,-1
400244636,-2688,1016,15984,-354,464,-345
400248280,-2916,1096,15272,-69,10,-129
400251750,-2856,1808,16052,-100,47,-10
400255220,-3772,-676,16036,117,-116,109
400258777,-3744,1244,15340,60,-13,87
400262073,-3244,-1048,16640,-148,-8,-306
400265765,-3128,268,15512,-251,272,-298
400269273,-2932,1460,15900,-66,22,-6
400272570,-3396,-296,15988,-129,180,-2
400276040,-3068,1944,15400,90,213,243
400279423,-3528,-1432,16728,-35,158,130
400282980,-3896,240,16148,-57,274,-66
400286363,-2656,1080,16112,-253,163,-415
400290030,-2772,1536,15324,-25,-105,-22
400293563,-2852,1268,15964,-8,-79,-141
400297033,-3612,-252,16256,79,-120,72
400300416,-3608,448,15972,-37,164,154
400303800,-2580,-772,16100,-203,65,-395
400307357,-2428,1752,15504,-234,343,-114
400311000,-2832,1204,16144,-214,288,-171
400314686,-2852,988,15456,-52,-20,-89
400318027,-3440,2200,15444,9,168,306
400321323,-4008,-1848,17004,68,-78,62
400324707,-3696,652,16056,-101,140,-90
400328176,-2876,496,15916,-161,13,-339
400331647,-2132,1728,15552,-18,-69,-148
400335203,-3184,1592,15288,-73,93,48
400338503,-3588,-524,16164,-39,233,2
400341821,-4092,572,16248,-101,357,49
400345179,-2656,684,16100,-343,384,-310
400348736,-2840,1052,15612,-29,111,-153
400352293,-2780,1380,15900,-186,71,-127
400355850,-3580,-108,15840,165,-118,188
400359407,-3560,1440,15264,74,20,93
400362616,-3312,-1116,16368,-108,-56,-262
400366395,-3396,56,15732,-182,387,-223
400369817,-2916,1164,16152,-114,-78,-104
400373460,-2420,1600,15180,-180,282,-96
400377017,-2940,2108,15364,-125,258,-110
400380660,-3636,-408,16052,8,132,154
400383957,-4160,416,16172,46,198,283
400387253,-3632,-1648,16768,-211,34,-394
400390921,-2740,1560,15332,-142,114,-124
400394540,-3032,900,16036,-103,-74,-251
400398097,-3216,296,16048,-13,-132,-92
400401567,-3340,1536,15072,-100,210,194
400405124,-3548,-804,16336,-25,214,-46
400408594,-4048,432,16324,-192,426,-31
400412064,-2500,992,15856,-403,437,-399
400415662,-2824,1132,15392,-7,23,-127
400419004,-3260,2444,15552,-169,105,-81
400422560,-3656,-556,15960,101,-139,143
400426117,-3572,1304,15284,106,77,121
400429500,-3340,-1176,16616,-126,-117,-295
400433317,-2968,360,15772,-229,329,-259
400436874,-2904,1164,15924,-189,105,-384
400440542,-2660,1536,15404,-103,155,-1
400443988,-2628,1704,15792,-134,285,-86
400447545,-3840,-636,16160,-31,144,122
400451015,-3736,1632,15612,75,172,241
400454398,-3368,-1316,16660,-269,76,-442
400458041,-3488,792,15900,-103,80,-76
400461425,-2864,788,16016,-142,2,-274
400464856,-3528,532,16128,24,-191,-2
400468104,-3692,736,15572,-26,240,202
400471488,-2132,-216,16100,-230,34,-425
400475044,-3776,660,16124,-138,389,16
400478428,-2676,1148,16040,-222,232,-301
400482071,-2896,1392,15272,1,-25,-68
400485368,-3644,2184,15412,-13,127,217
400488841,-3764,-792,16164,120,-113,105
400492419,-3732,548,16032,-165,243,-107
400495951,-3144,-832,16244,-127,-97,-315
400499595,-2196,1408,15540,-197,269,-278
400503238,-2988,1420,15908,-144,31,-11
400506708,-3656,-420,16028,-62,137,23
400510091,-3376,1604,15752,30,158,218
400513478,-3320,-1220,16588,-75,216,38
400516986,-3752,392,16136,-79,319,-136
400520415,-2608,1372,16176,-181,-14,-185
400524058,-2904,1304,15268,43,-62,23
400527355,-3268,1616,15348,70,-94,73
400530651,-3408,-1180,16708,122,-145,116
400534295,-3452,124,15840,-243,372,-246
400537851,-2292,-320,16204,-189,53,-408
400541433,-2484,1528,15484,-228,401,-114
400545052,-2508,1704,15780,-148,173,-137
400548695,-2808,1168,15172,19,-43,37
400551992,-3732,1760,15480,4,171,255
400555288,-3584,-1516,16820,-191,56,-346
400558931,-3540,580,15924,-127,163,-167
400562488,-2848,988,15804,-167,-47,-385
400566106,-2284,1632,15556,52,-61,-19
400569428,-3340,1336,15404,-87,73,66
400572725,-3500,-784,16512,-26,239,-102
400576282,-3972,244,16296,94,209,246
400579578,-2888,-820,16296,-411,387,-420
400583222,-2744,1124,15436,-28,84,-85
400586605,-2672,2024,15772,-142,-32,-44
400590186,-3700,-748,15992,121,-37,96
400593545,-3436,1244,15256,37,15,107
400596841,-3296,-1336,16472,-113,-60,-289
400600572,-2996,264,15860,-261,425,-299
400604128,-2848,1468,15852,-57,-65,-10
400607598,-2684,1284,15264,-65,250,58
400610982,-3044,1984,15352,11,102,175
400614388,-3492,-1408,16760,9,145,193
400617783,-3792,116,16080,-129,315,-145
400621305,-2788,1348,16040,-253,25,-431
400624862,-2880,1456,15428,-11,-21,30
400628245,-3192,1728,15100,-93,-165,-183
400631888,-3560,-80,16244,188,-110,166
400635358,-3556,968,15428,-96,185,161
400638745,-2436,-580,16200,-158,89,-439
400642323,-3652,688,16292,-262,446,-101
400645855,-2524,1504,15776,-184,228,-170
400649499,-2880,1232,15236,44,68,-24
400652795,-3636,2120,15504,-13,77,254
400656178,-3836,-1712,16812,110,-44,98
400659648,-3740,412,15836,-134,81,-145
400663118,-2860,724,15984,-145,-52,-356
400666723,-2188,1660,15580,-79,-36,-77
400670145,-3252,1588,15352,-109,3,48
400673442,-3364,-812,16164,-36,365,-16
400676912,-4140,488,16360,-135,278,-35
400680382,-3052,-1100,16264,-346,451,-361
400684112,-2852,1160,15416,-96,245,-140
400687668,-2796,1340,16216,-152,32,-189
400691250,-2748,1744,15348,9,-92,38
400694435,-3624,1132,15312,86,-105,128
400697905,-3276,-856,16620,41,-7,-48
400701202,-3240,464,15676,-207,262,-146
400704758,-2956,828,16080,-102,61,-136
400708228,-2420,1852,15344,-197,278,-53
400711785,-3072,1832,15296,74,103,220
400715191,-3888,-496,16320,-48,253,108
400718673,-4056,448,16096,-11,194,0
400721848,-2696,656,16056,-179,131,-361
400725405,-2716,1488,15328,-48,-94,-86
400728875,-3264,1692,15488,-49,-118,-188
400732518,-3444,276,16100,63,-79,103
400735815,-3632,176,15848,-56,45,186
400739136,-2596,-868,16416,-173,202,-411
400742755,-2596,1608,15504,-236,322,-52
400746312,-2744,1028,16032,-167,306,-211
400749955,-3020,964,15568,-82,103,-158
400753425,-3416,2460,15524,38,31,318
400756722,-4064,-2080,17012,109,55,124
400760192,-3872,480,16052,-91,62,-66
400763492,-2868,380,16208,-119,20,-302
400767006,-2152,1488,15392,-143,-16,-196
400770602,-3288,1828,15208,-12,115,222
400774071,-3352,-520,16140,-65,272,11
400777455,-4168,696,16392,-71,275,66
400780751,-2412,372,16116,-301,462,-230
400784308,-3068,932,15576,-87,53,-232
400787691,-3300,2648,15648,-163,92,-224
400791273,-3312,-16,15536,117,-134,187
400794718,-4064,700,15648,103,-67,74
400798014,-3524,-1044,16588,-113,-89,-171
400801745,-2128,1140,15468,-201,304,-191
400805388,-2800,1072,15872,-136,21,-177
400808945,-2460,1688,15272,-157,186,-61
400812502,-2720,2276,15288,-166,334,-143
400816168,-3568,-68,15916,12,47,182
400819390,-4120,232,16132,21,323,71
400822565,-2608,472,16020,-234,133,-388
400826122,-2832,1464,15492,-36,-64,-50
400829592,-3160,1724,15356,-129,-28,-234
400833235,-3344,644,15936,146,-194,152
400836705,-3400,1508,15148,2,162,246
400840026,-2852,-1016,16472,-246,157,-421
400843732,-4040,680,16332,-120,324,19
400847115,-2504,720,15884,-302,260,-304
400850672,-2832,988,15540,-64,99,-174
400854055,-3092,2476,15672,-50,91,196
400857438,-4112,-1928,16948,135,-155,127
400861082,-4020,632,15824,-99,175,-36
400864513,-2968,4,16252,-100,-97,-236
400867848,-2080,1556,15484,-158,160,-265
400871492,-3188,1828,15392,-95,-21,-92
400874962,-3276,16,15840,16,233,50
400878085,-4228,612,16320,-61,218,122
400881468,-2532,104,16044,-252,360,-209
400885025,-3296,732,15664,-121,169,-189
400888585,-2616,644,16176,-257,21,-319
400892076,-3248,680,15340,132,-30,176
400895435,-4036,644,15532,46,-133,35
400898731,-3612,-1032,16504,-49,-9,-144
400902288,-2468,896,15368,-158,271,-90
400905758,-2464,528,16068,-114,-8,-242
400909228,-2828,1096,15296,-268,377,-153
400912872,-2736,2408,15476,-24,70,134
400916278,-3964,-1480,17044,54,119,178
400919760,-4108,712,16088,-20,198,110
400923108,-2756,-216,16176,-102,65,-255
400926665,-2848,1304,15488,-134,7,-158
400930135,-3172,1760,15412,-98,-156,-302
400933778,-3080,992,15748,127,-119,124
400937248,-3836,364,15656,-88,20,182
400940569,-2880,-1164,16620,-126,236,-297
400944275,-4168,732,16252,-109,314,85
400947658,-2524,212,16124,-305,307,-370
400951215,-2856,980,15368,-102,162,-242
400954772,-3292,2636,15604,18,-39,257
400958155,-3988,-2000,16884,162,-106,202
400961799,-3952,676,15704,-23,95,-19
400965145,-3116,-320,16400,-53,-119,-164
400968739,-2140,1224,15452,-280,216,-342
400972382,-2628,1148,15772,-97,-57,-154
400975939,-3152,372,15708,-164,292,-86
400979409,-2580,2372,15512,-75,88,99
400982705,-3960,-1488,16672,-108,387,15
400986262,-4248,-204,16284,-63,269,4
400989583,-2624,1068,16068,-242,34,-353
400993115,-2972,1324,15364,-34,-15,-45
400996585,-2980,1900,15404,7,-148,-72
400999968,-3912,-1152,16612,212,-130,233
401003612,-3932,4,15836,-141,240,-57
401006909,-2428,476,15896,-169,183,-348
401010465,-2652,1192,15740,-323,311,-156
401014132,-2512,844,15916,-274,293,-310
401017666,-3072,568,15272,7,95,142
401020824,-3996,1236,15868,-18,4,225
401024085,-4232,-1900,16912,-45,124,-132
401027729,-3092,1028,15456,-165,27,-198
401031285,-2988,68,16296,-118,-67,-342
401034755,-2712,1420,15644,-180,103,-233
401038402,-3160,1836,15368,-77,34,122
401041807,-3312,-1208,16792,-19,291,83
401045252,-4252,604,16340,-8,168,179
401048549,-2488,-4,15928,-325,435,-385
401052018,-3268,568,15640,-150,134,-242
401055575,-2976,2352,15980,-25,51,85
401058872,-3248,764,15424,106,-110,173
401062342,-3716,1012,15548,31,30,64
401065654,-3184,-836,16564,-24,8,-119
401068935,-2636,820,15324,-247,244,-291
401072491,-3208,1552,15996,-113,108,-14
401076048,-2852,1328,15352,-66,157,34
401079431,-3484,1440,15536,87,189,230
401082815,-4036,-1136,16764,-124,310,92
401086372,-3728,116,16328,-81,242,-152
401089866,-2872,-720,16392,-306,173,-460
401093485,-3028,1268,15320,66,-173,61
401096868,-2840,1308,15680,-25,-67,-119
401100425,-3680,-304,16440,67,-157,118
401103895,-3772,576,15708,-43,216,106
401107278,-2252,-172,15992,-178,39,-393
401110835,-3432,792,15972,-269,332,-138
401114415,-2660,1688,15996,-168,294,-108
401118035,-2784,1252,15112,5,-36,2
401121197,-3616,1984,15496,69,180,311
401124542,-3520,-1636,16812,8,-6,-4
401127751,-3580,700,15836,-97,90,-78
401131048,-2880,808,15992,-127,-101,-245
401134691,-2272,1704,15424,-33,-135,-122
401138335,-3292,1624,15312,-101,169,166
401141916,-3488,-900,16500,-36,185,-38
401145362,-4040,592,16284,57,202,182
401148658,-2984,-1000,16424,-340,341,-323
401152388,-2940,984,15420,-115,199,-193
401155945,-2732,1900,16056,-155,54,-87
401159415,-3564,-452,15928,66,-190,74
401162798,-3508,1544,15156,45,20,102
401166143,-3192,-1316,16572,-110,-96,-243
401169825,-3220,408,15580,-183,356,-215
401173382,-3044,928,15988,-188,94,-369
401176852,-2436,1660,15428,-129,218,-81
401180409,-3056,2064,15480,-159,260,-89
401183965,-3772,-272,15972,5,99,184
401187175,-4168,276,16160,-55,335,-13
401190583,-3540,-1572,17012,-251,102,-410
401194288,-2964,1412,15344,-124,70,-96
401197759,-2872,664,16004,-141,-75,-248
401201315,-3352,504,15976,-22,-134,-68
401204785,-3384,1312,15236,-71,184,204
401208255,-2376,-816,16364,-92,235,-93
401211725,-3940,536,16364,-168,391,-42
401215219,-2628,1060,15984,-401,379,-358
401218839,-2976,1168,15396,-22,55,-108
401222344,-2768,1784,16088,-163,79,-100
401225865,-3692,-428,16148,145,-110,147
401229422,-3464,1456,15336,114,42,118
401232806,-3416,-1244,16804,-142,-89,-293
401236536,-3228,396,15676,-200,357,-228
401240117,-3016,972,15956,-174,66,-355
401243563,-2468,1604,15444,-159,217,-56
401247119,-3092,2068,15444,-112,222,-98
401250676,-3684,-308,16032,-10,155,186
401254146,-4352,212,16220,89,120,308
401257443,-3472,-1476,16828,-262,71,-400
401261086,-2804,1420,15324,-124,50,-123
401264691,-2992,856,15924,-107,-29,-241
401268199,-2180,1740,15516,6,-170,-16
401271583,-3524,1288,15248,-78,204,173
401275053,-2384,-828,16232,-63,256,-99
401278523,-3996,484,16268,-167,356,-31
401281993,-2460,1172,15984,-416,431,-402
401285636,-2900,1192,15188,-40,15,-137
401289131,-2828,1728,16044,-137,107,-106
401292750,-3652,-384,16008,105,-134,156
401296307,-3528,1340,15124,82,60,122
401299603,-3432,-1156,16484,-121,-75,-304
401303333,-3048,432,15660,-244,355,-256
401306890,-2984,1124,15940,-164,85,-367
401310447,-2520,1504,15468,-138,181,-34
401314027,-2432,2072,15784,-95,293,11
401317387,-4064,-988,16276,-30,148,130
401320857,-3964,448,15988,41,183,251
401324188,-3464,-1412,16692,-209,49,-396
401327797,-2684,1480,15284,-148,89,-148
401331354,-2800,1124,15724,-79,-127,-168
401334997,-2412,1716,15736,10,-144,-36
401338471,-3288,1284,15244,-56,185,155
401341962,-3580,-948,16552,-83,233,-79
401345407,-3724,552,16168,-172,396,-50
401348877,-2560,1080,15920,-397,384,-345
401352521,-2808,1236,15592,-45,53,-114
401355990,-2920,2024,16024,-143,82,-11
401359461,-3860,-848,16152,116,-104,138
401363017,-3600,1272,15268,71,70,103
401366362,-3300,-1168,16676,-148,-108,-310
401370131,-2956,576,15484,-254,320,-299
401373688,-3120,1220,16004,-108,80,-337
401377244,-2608,1500,15432,-130,198,-27
401380801,-2632,1968,15604,-96,251,-37
401384271,-3972,-808,16372,-12,170,139
401387741,-3992,312,16092,22,164,235
401391062,-3404,-1284,16660,-271,72,-410
401394681,-2820,1384,15456,-147,38,-160
401398238,-2956,1348,15628,-49,-117,-167
401401881,-2576,1380,15624,37,-163,1
401405178,-3484,1212,15412,-25,212,155
401408648,-2460,-736,16120,-96,240,-97
401412118,-3708,476,16136,-213,400,-66
401415611,-2620,1444,16000,-412,418,-399
401419231,-2804,1120,15296,0,18,-74
401422441,-3632,2272,15408,-98,116,-16
401425946,-3856,-820,16204,96,-110,113
401429381,-3872,464,16068,76,56,91
401432504,-2908,436,15996,-153,-67,-346
401436061,-2056,1872,15280,-45,44,-161
401439555,-3492,1448,15336,-86,-17,3
401442827,-3392,-228,16104,-25,279,-18
401446297,-4368,440,16296,-79,253,131
401449681,-3324,-1344,16712,-312,359,-282
401453411,-2892,948,15528,-70,331,-115
401456881,-2532,1444,15924,-181,-12,-201
401460524,-2844,1404,15372,57,-105,21
401463956,-3396,1832,15096,6,-66,24
401467117,-3460,-1252,16344,-14,-61,-186
401470761,-3676,140,15744,-234,445,-201
401474318,-2628,968,16208,-199,47,-426
401477788,-2484,1404,15384,-249,401,-120
401481431,-2472,2404,15484,-254,272,-291
401485075,-3724,556,15452,113,91,283
401488374,-4052,0,16172,13,179,315
401491519,-3636,-1496,17012,-220,44,-389
401495137,-2744,1140,15376,-67,159,-36
401498607,-2848,428,16260,-117,-143,-327
401502251,-3052,864,15828,-58,39,-117
401505634,-3432,1472,15412,-104,24,149
401509104,-2636,-880,16424,-63,269,-7
401512488,-4236,360,16376,-126,315,106
401515981,-2412,676,16052,-276,277,-362
401519514,-2880,936,15472,-70,177,-183
401522984,-3296,2452,15548,-5,-16,197
401526402,-3424,-8,15656,170,-108,211
401529751,-4116,720,15820,-62,116,-28
401533134,-3040,-276,16396,-84,-101,-228
401536778,-2048,1332,15424,-176,217,-271
401540446,-2896,616,16056,-140,-38,-166
401543978,-2960,612,15552,-195,280,-136
401547535,-2748,2284,15316,-9,96,158
401550831,-3892,-1400,17008,-203,385,-118
401554561,-4192,404,16112,-42,263,79
401557858,-2640,376,16252,-219,42,-353
401561328,-2700,1456,15428,-89,66,-89
401564772,-3172,1760,15172,23,-148,1
401568007,-3544,-1068,16588,132,-140,157
401571651,-3952,108,15808,-99,270,-28
401575034,-2380,336,16092,-203,106,-312
401578591,-2892,1180,15748,-289,399,-182
401582234,-2576,728,16176,-274,246,-341
401585791,-2872,740,15188,27,147,131
401589112,-3332,2408,15464,22,-10,243
401592471,-4108,-1784,16988,-33,71,-143
401596028,-4104,484,16064,-57,167,-53
401599411,-2924,-128,16212,-134,-56,-331
401603055,-2172,1416,15252,-145,171,-256
401606698,-3236,1872,15532,-112,8,96
401609995,-3136,520,15692,45,263,82
401613204,-4296,636,16324,-11,150,145
401616611,-2456,-216,16184,-290,443,-360
401620231,-3204,392,15644,-158,189,-239
401623788,-3048,2392,15712,-248,33,-353
401627380,-3344,712,15428,101,-97,200
401630728,-3748,952,15480,52,-136,13
401634024,-3632,-1016,16392,31,-16,-70
401637494,-2744,636,15564,-276,283,-319
401641076,-2376,460,15872,-116,7,-286
401644434,-2632,1304,15560,-104,178,39
401647904,-2592,2192,15400,-36,136,50
401651288,-4260,-1300,16784,-107,295,91
401654844,-3828,1180,15936,3,159,188
401658141,-3032,-744,16584,-254,187,-420
401661784,-3096,1008,15544,-184,27,-152
401665389,-2888,1532,15456,-20,-69,-98
401668811,-2744,1312,15760,49,-131,79
401672194,-3576,780,15792,-87,166,126
401675577,-2248,-344,15984,-118,363,-177
401679221,-3488,588,15984,-276,310,-140
401682778,-2620,-220,16088,-305,392,-325
401686421,-2840,1208,15404,-33,-19,-57
401689924,-3104,2344,15720,-28,-28,111
401693366,-4148,-1364,16376,23,4,12
401696571,-3564,688,15776,19,-1,43
401699694,-3052,-788,16416,-150,61,-345
401703251,-2164,1704,15392,-58,-119,-118
401706894,-3084,1848,15828,-31,31,94
401710191,-3792,-816,16584,-89,267,-33
401713664,-3616,1516,15676,63,107,230
401717067,-3028,-1076,16544,-367,423,-383
401720774,-3736,528,16140,-106,154,-126
401724331,-2704,1516,15924,-227,110,-394
401728010,-2924,1208,15384,12,-134,-7
401731358,-3492,1456,15408,12,-136,-96
401734828,-3760,-436,16364,72,-73,106
401738211,-3288,156,15732,-203,283,-229
401741792,-2288,-288,15944,-173,170,-390
401745411,-2632,1560,15216,-298,302,-168
401749055,-2472,1704,15884,-113,258,-92
401752612,-2760,1120,15176,-66,62,-1
401755908,-3696,1896,15612,92,75,278
401759205,-3652,-1580,16700,38,50,14
401762501,-3464,660,15880,-125,55,-126
401766019,-2848,852,16024,-92,-35,-268
401769441,-2260,1712,15440,-47,-106,-66
401772998,-3496,1444,15396,-29,169,176
401776468,-3520,-916,16472,-111,282,-24
401780024,-4172,488,16360,-120,322,-4
401783408,-3032,-1148,16284,-358,477,-329
401787138,-2900,1068,15360,-96,156,-165
401790719,-2792,1716,16156,-148,100,-110
401794338,-3072,1320,15428,-14,-75,55
401797721,-3324,1316,15100,83,-22,86
401801018,-3424,-1240,16460,-151,3,-311
401804575,-3268,308,15900,-236,284,-295
401808132,-3124,1104,16052,-144,81,-334
401811688,-2660,1508,15276,-169,225,-100
401815355,-2424,1780,15872,-103,176,-101
401818975,-3804,-484,16128,-41,92,48
401822272,-3744,1824,15428,71,50,255
401825568,-3544,-1416,16732,-212,171,-370
401829333,-3368,768,15676,-190,45,-155
401832769,-2812,1136,15796,-28,-68,-182
401836325,-2060,1604,15240,7,-76,-7
401839560,-3568,1428,15404,-46,112,208
401843005,-2576,-940,16344,-86,353,-71
401846475,-4040,536,16176,-184,283,-94
401849945,-2540,1164,16080,-322,463,-349
401853588,-2828,1104,15228,-65,-7,-111
401857059,-3364,2396,15460,-102,56,-67
401860529,-3748,-848,16024,103,-72,138
401864047,-3988,620,16000,63,-42,84
401867208,-3288,-1084,16532,-158,44,-306
401870852,-2036,1688,15300,-277,268,-296
401874495,-3100,1356,15884,-61,74,-10
401877879,-3412,-376,15776,-139,188,15
401881349,-3296,1836,15484,107,136,245
401884819,-3328,-1224,16604,-114,275,94
401888379,-4168,244,16056,-10,212,-29
401891783,-2664,1096,16264,-257,197,-439
401895402,-2996,1496,15360,-2,-145,10
401898785,-3140,1732,15124,-73,-8,-227
401902255,-3508,36,16248,144,-234,182
401905638,-3840,4,16100,-193,440,-191
401909022,-2324,-472,16000,-233,100,-404
401912665,-2524,1376,15420,-167,291,-49
401916245,-2436,1396,16000,-259,359,-224
401919866,-3496,172,15552,-32,-25,-79
401923249,-3244,2436,15408,23,122,294
401926632,-3844,-1860,17040,63,-24,119
401930137,-3780,604,15836,-74,101,-92
401933485,-2852,368,16028,-157,-65,-294
401937042,-2008,1904,15344,-76,-22,-140
401940623,-3508,1496,15596,0,17,54
401943722,-2924,-1120,16584,-77,256,-14
401947279,-4204,532,16280,-37,275,90
401950575,-2524,428,16144,-359,465,-242
401954132,-3096,960,15508,-47,58,-194
401957515,-3300,2360,15508,-197,99,-189
401961072,-3568,136,15760,130,-148,160
401964591,-3972,444,15832,101,9,111
401967752,-3616,-1264,16492,-85,-83,-203
401971395,-2212,1316,15428,-209,233,-288
401975039,-2760,836,15828,-142,22,-186
401978509,-3164,572,15544,-201,228,-92
401981979,-2912,2224,15484,19,184,190
401985362,-3836,-1656,16892,-232,341,-130
401989116,-3996,692,16088,32,253,67
401992302,-2696,112,16176,-281,59,-362
401995772,-2928,1384,15432,-45,-20,-90
401999242,-2932,1540,15220,-8,-109,-28
402002712,-3276,656,16044,122,-184,117
402006182,-3716,400,15688,-120,325,-4
402009565,-2768,-936,16336,-162,113,-317
402013209,-2884,1068,15488,-295,441,-220
402016875,-2348,1016,16172,-287,243,-341
402020496,-3188,456,15308,-42,50,-90
402023792,-3312,2440,15644,-44,92,158
402027175,-4176,-1716,17016,3,-10,-86
402030594,-4040,484,15980,-58,190,-17
402033942,-3024,-128,16380,-151,-133,-353
402037672,-2068,1444,15456,-130,151,-256
402041340,-3204,1852,15460,-120,49,-126
402044872,-3244,128,15680,11,209,72
402048082,-4328,460,16348,-53,262,137
402051465,-3524,-1444,16680,-291,354,-219
402055196,-3148,780,15572,3,251,17
402058319,-2848,2384,15752,-272,54,-309
402061875,-3304,684,15484,137,-73,177
402065361,-3972,604,15628,51,-73,42
402068468,-3692,-1144,16416,-54,-68,-129
402072112,-2520,928,15592,-147,366,-72
402075582,-2352,476,15840,-113,-1,-286
402079052,-2928,1104,15340,-33,263,110
402082522,-2780,2088,15380,-17,109,154
402085992,-4096,-1296,16772,-156,386,-50
402089660,-4104,948,15924,30,174,149
402092932,-2824,-224,16432,-267,102,-438
402096575,-2804,1432,15440,-145,35,-185
402100132,-2944,1628,15340,-115,-164,-261
402103862,-3144,820,15832,132,-63,112
402107245,-3324,1664,15524,-102,-12,148
402110802,-3028,-1152,16456,-150,261,-281
402114556,-4316,292,16504,-140,314,11
402117916,-2460,732,15992,-260,265,-325
402121473,-2960,984,15468,-123,212,-139
402125029,-3184,2536,15672,-181,4,-211
402128499,-3616,84,15712,126,-46,220
402131835,-4008,608,15776,-31,13,-5
402135006,-2928,-244,16296,-43,-2,-245
402138479,-2128,1476,15600,-215,163,-252
402142143,-2748,732,15804,-78,-54,-152
402145589,-3012,640,15436,-85,331,62
402148886,-4308,560,16220,90,17,266
402152095,-3740,-1632,17012,-284,494,-188
402155826,-3236,680,15636,-57,214,23
402159122,-2780,344,16324,-209,96,-335
402162592,-3316,788,15576,66,-124,151
402166024,-3044,1836,14916,87,-141,43
402169358,-3636,-1224,16556,-37,-19,-124
402173002,-3868,292,15968,-138,232,-58
402176472,-2552,224,15840,-115,73,-280
402179942,-2672,1356,15064,-307,307,-220
402183585,-2788,2088,15612,27,156,153
402186969,-3176,432,15384,-62,132,76
402190290,-4180,944,15880,117,140,238
402193649,-2776,-356,16428,-346,124,-495
402197292,-2832,1404,15368,-125,-67,-133
402200935,-3136,224,16072,-87,-19,-258
402204406,-2816,1240,15904,111,-231,71
402207876,-3780,544,15748,-86,69,160
402211172,-3200,-1248,16700,-166,246,-265
402214925,-4140,380,16404,-61,194,63
402218199,-2556,580,16068,-325,413,-369
402221756,-2948,896,15364,-136,74,-216
402225226,-3172,2568,15436,14,70,222
402228522,-4184,-1800,17024,-30,-21,-118
402232200,-3920,716,15876,-7,96,20
402235289,-3284,-544,16416,-145,-61,-350
402238956,-2316,1260,15488,-228,182,-325
402242576,-3300,1676,15496,-44,-14,-150
402246132,-3088,644,15360,-57,206,27
402249429,-3976,872,16168,84,164,210
402252725,-3888,-1704,16868,-287,448,-143
402256456,-3244,660,15540,-20,152,32
402259752,-2620,316,16276,-218,129,-340
402263309,-3216,1044,15380,91,-218,150
402266827,-2868,1992,15084,83,-67,55
402270075,-3764,-1276,16604,-32,-106,-85
402273719,-3880,372,16060,-123,266,-5
402277102,-2456,208,15804,-166,54,-328
402280572,-2632,1268,15136,-279,324,-208
402284216,-2600,2280,15684,-22,203,89
402287599,-3276,592,15164,5,52,118
402290746,-3964,1436,15768,104,166,240
402294192,-3164,-1172,16584,-282,81,-452
402297835,-2780,1092,15524,-179,68,-224
402301392,-2968,1628,15376,-110,-44,-261
402305035,-2980,792,15944,98,-202,97
402308332,-3584,1020,15516,-98,89,140
402311715,-3308,-1388,16632,-140,191,-218
402315469,-3188,1000,15828,-17,262,66
402318829,-2496,208,16240,-341,331,-367
402322386,-2844,944,15104,-112,97,-199
402325856,-3068,2424,15652,-66,66,142
402329239,-4048,-1684,16664,126,-172,187
402332917,-4068,600,15828,35,149,25
402336092,-3072,-548,16476,-164,-116,-356
402339847,-2212,1120,15508,-242,256,-342
402343466,-2620,616,15952,-138,74,-249
402346936,-2836,780,15460,-23,160,77
402350232,-4180,1028,16132,-4,185,127
402353616,-4144,-1448,16748,-194,306,-70
402357259,-3280,396,15904,42,240,108
402360555,-2756,4,16204,-297,33,-405
402363900,-3080,980,15332,151,-117,125
402367322,-2872,1816,15492,-24,-93,-27
402370792,-3792,-1000,16448,57,-120,8
402374175,-2752,440,15796,-126,332,4
402377472,-2236,296,15812,-162,-19,-385
402381028,-2652,1308,15124,-245,371,-128
402384672,-2512,1964,15920,-128,163,-40
402388229,-4092,-1056,16636,12,-26,126
402391723,-3964,1224,15752,5,209,184
402394995,-3068,-844,16564,-60,-22,-138
402398552,-3100,1228,15540,-159,136,-155
402402196,-2908,1196,15604,-156,-115,-329
402405926,-2632,1724,15460,87,-128,65
402409309,-3248,1796,15380,-91,65,204
402412692,-3352,-1308,16892,-121,255,-197
402416446,-4256,724,16288,-34,313,162
402419806,-2572,-328,16036,-323,285,-395
402423449,-3240,768,15684,-82,203,-219
402426919,-3080,2240,15992,-270,83,-364
402430476,-3176,848,15536,134,-140,155
402433981,-3836,656,15384,53,-25,66
402437156,-3684,-1112,16672,-4,-160,-130
402440824,-2188,940,15560,-158,403,-52
402444269,-2268,556,15600,-109,-59,-299
402447826,-3000,1028,15256,-252,334,-134
402451470,-2432,2332,15524,-87,189,102
402454940,-4108,-1484,16864,38,22,143
402458323,-4152,1016,15960,16,253,168
402461706,-2936,-508,16392,-273,44,-407
402465311,-2864,1156,15536,-116,128,-184
402468906,-2816,1712,15412,-157,-101,-345
402472637,-3004,1100,15696,174,-171,134
402476193,-3216,1756,15240,-98,137,196
402479663,-3124,-1212,16752,-144,163,-248
402483394,-4136,560,16360,-81,398,104
402486777,-2472,348,15952,-321,384,-283
402490358,-3016,940,15564,-67,130,-189
402493804,-3116,2480,15732,-245,94,-235
402497360,-3492,240,15488,168,-142,149
402500830,-3808,628,15696,83,-21,93
402504040,-3532,-1324,16572,-55,-106,-209
402507770,-2272,1204,15416,-146,360,-149
402511414,-2648,704,15824,-131,-36,-184
402514994,-2432,1524,15376,-210,299,-135
402518614,-2632,2316,15372,-193,329,-212
402522258,-3416,244,15580,14,41,178
402525467,-4220,292,16080,11,317,78
402528677,-2632,328,16072,-214,60,-378
402532147,-2884,1380,15300,-43,11,-65
402535565,-2804,1560,15220,-156,-22,-359
402539198,-2916,1316,15664,173,-227,148
402542730,-3280,1656,15336,-76,162,243
402546201,-2952,-992,16776,-158,137,-378
402549844,-4124,760,16364,-103,340,97
402553227,-2604,408,16128,-283,271,-354
402556784,-2968,1048,15724,-92,97,-232
402560254,-3152,2524,15840,-61,69,201
402563641,-3552,-80,15644,121,-153,133
402567168,-3892,780,15732,-25,146,-6
402570404,-3088,-416,16316,-64,-139,-158
402574047,-2296,1236,15508,-222,259,-349
402577691,-2628,1052,15912,-80,-85,-132
402581248,-3124,436,15744,-24,263,37
402584544,-4076,1000,16456,10,123,167
402587927,-3756,-1520,16860,-242,390,-105
402591682,-4244,444,16124,35,288,68
402594867,-2740,336,16188,-263,35,-395
402598337,-3216,816,15324,-61,-13,-43
402601721,-3100,1764,15188,2,-120,-39
402605104,-3568,-1112,16608,35,-104,-35
402608661,-3904,160,15936,-185,340,-24
402612131,-2288,276,15652,-117,-27,-319
402615711,-2696,1292,15776,-259,405,-147
402619331,-2628,2052,15652,-272,273,-263
402622974,-3136,696,15384,47,84,135
402626184,-3900,1184,15796,-16,75,250
402629567,-4192,-1956,17112,-40,18,-160
402633124,-3108,1132,15560,-41,171,-25
402636629,-2764,-28,16204,-128,-122,-347
402640262,-2884,1332,15728,-126,160,-248
402643881,-3220,1780,15544,-108,35,117
402647351,-3192,452,15716,13,151,115
402650648,-4160,520,16216,-41,275,96
402653944,-2428,112,15992,-346,337,-376
402657501,-3136,716,15664,-109,274,-207
402661058,-3012,2416,15840,-268,32,-339
402664663,-3084,728,15456,122,-75,199
402667998,-4064,912,15676,2,-3,41
402671034,-2988,-752,16416,-27,-55,-107
402674591,-2732,664,15608,-269,260,-299
402678147,-3064,1588,15896,-113,-49,-298
402681791,-2784,972,15368,-79,305,50
402685087,-3752,1324,15800,-43,65,87
402688387,-4068,-1308,16780,-85,388,29
402691878,-3720,276,15896,-164,172,-185
402695411,-2756,-380,16236,-246,77,-414
402698967,-2836,1348,15372,-166,92,-152
402702524,-3072,1780,15548,41,-187,-24
402705994,-3728,-956,16328,131,-83,113
402709464,-3764,788,15612,-76,142,61
402712761,-2228,-304,15840,-154,133,-394
402716427,-3240,996,15716,-289,291,-160
402719961,-2616,1852,15856,-316,348,-353
402723604,-2848,1000,15260,-39,50,26
402726901,-3912,1616,15708,-34,-69,126
402730371,-3964,-1448,16680,31,101,-21
402733841,-3372,652,15636,-16,8,54
402736999,-2856,1192,15772,-136,-12,-335
402740632,-2352,1576,15456,17,-132,-41
402744077,-3240,1744,15608,-89,-34,67
402747461,-3728,-1044,16600,-90,322,-68
402751017,-3812,1108,15876,27,137,152
402754400,-2784,-684,16376,-332,439,-341
402758044,-3584,260,15888,-139,208,-186
402761601,-2820,2100,15944,-82,14,-9
402764946,-2912,1152,15508,62,-107,117
402768367,-3680,1220,15276,58,3,106
402771577,-3208,-1012,16660,-148,-33,-343
402775307,-3024,428,15600,-282,284,-273
402778864,-2992,1164,16024,-126,66,-328
402782421,-2492,1492,15272,-144,210,-57
402785977,-2660,2196,15784,-59,101,13
402789385,-4036,-876,16556,-86,280,88
402792744,-4052,276,15920,67,121,228
402796041,-3412,-1304,16712,-246,169,-428
402799771,-2812,1484,15360,-193,45,-128
402803328,-2964,1068,15728,-34,-56,-167
402806884,-2532,1584,15484,33,-100,-16
402810354,-3632,1120,15500,-53,104,199
402813848,-3448,-1140,16672,-100,384,-119
402817555,-3816,400,16116,33,148,213
402820851,-2872,-544,16324,-356,425,-423
402824494,-2760,1204,15392,-152,240,-205
402828138,-2912,1936,15892,-73,7,36
402831348,-3880,-876,16180,88,-32,103
402834731,-3688,1012,15360,55,-30,95
402838062,-3200,-1072,16408,-80,40,-326
402841609,-2096,1632,15416,-298,296,-296
402845228,-2964,1492,15868,-37,-13,4
402848524,-3388,-324,16080,-114,252,-12
402852081,-2984,2064,15456,36,58,217
402855378,-3572,-1496,16712,-13,270,189
402858934,-3780,344,16068,-99,198,-138
402862404,-2684,1240,15992,-215,155,-401
402866096,-2856,1560,15316,-22,-113,-10
402869605,-2916,1252,15616,-56,-156,-126
402873248,-3704,-180,16200,103,-71,92
402876631,-3464,1236,15428,-58,66,163
402880015,-2408,-764,16204,-173,165,-376
402883658,-4072,532,16248,-233,358,-44
402887128,-2528,900,16056,-207,311,-301
402890709,-2640,1484,15276,-113,62,-125
402894242,-3720,1952,15312,-44,-43,84
402897625,-3880,-1320,16416,31,64,7
402900835,-3780,1024,15696,-90,43,-31
402904218,-2856,140,16160,-73,-7,-310
402907601,-2012,2064,15444,-114,-32,-187
402911245,-3312,1564,15528,-34,-5,24
402914564,-3432,-372,16096,-109,300,12
402918011,-4324,600,16244,-18,230,102
402921394,-3560,-1456,16676,-342,479,-271
402925125,-2908,972,15536,-115,56,-231
402928595,-2684,1464,15960,-178,125,-197
402932238,-3332,76,15504,-20,-87,-17
402935535,-3312,1768,15268,93,-85,66
402938874,-3472,-1264,16580,-90,-37,-199
402942475,-3736,88,15940,-166,251,-141
402945945,-2440,708,15964,-114,77,-206
402949415,-2600,1300,15476,-245,233,-193
402953058,-2680,2460,15428,-196,270,-206
402956702,-3416,156,15532,-20,92,197
402959998,-4032,692,16128,40,234,122
402963298,-3956,-1904,16856,-179,88,-275
402966987,-2964,1252,15352,-63,-21,-142
402970495,-2780,160,16112,-139,23,-336
402973965,-3060,1020,15964,132,-225,168
402977522,-3304,1696,15456,-69,110,160
402980992,-3000,-1068,16764,-51,251,-7
402984462,-4328,456,16324,-54,286,144
402987845,-2604,252,16068,-314,316,-393
402991426,-2992,908,15588,-122,74,-172
402994872,-3196,2444,15484,-65,141,148
402998342,-3368,404,15676,155,-200,154
403001811,-3876,688,15800,23,162,72
403005021,-3024,-508,16320,-69,-59,-183
403008578,-2264,1048,15356,-219,212,-313
403012222,-2644,632,16188,-103,18,-229
403015716,-2932,904,15440,-29,167,64
403018988,-3888,1164,15712,23,150,113
403022371,-4092,-1248,16760,-151,237,24
403025928,-3564,208,16056,34,211,162
403029225,-2592,-316,16300,-305,123,-437
403032868,-3156,1192,15264,-97,-2,-131
403036338,-3076,1536,15628,-29,-83,-67
403039850,-3844,-736,16596,94,-193,102
403043278,-3868,584,15816,-80,320,29
403046575,-2352,-72,16124,-132,-49,-326
403050131,-3136,860,15848,-262,437,-145
403053688,-2464,1996,15980,-357,400,-414
403057332,-2852,1064,15376,49,-23,99
403060628,-3752,1604,15588,-16,189,211
403064200,-4112,-1444,16556,38,-82,-1
403067481,-3320,872,15772,-162,170,-152
403071038,-3148,-664,16440,-182,-67,-374
403074682,-2216,1796,15468,-263,253,-348
403078325,-3172,1740,15680,-81,-55,136
403081795,-3364,-948,16536,-50,209,-6
403085178,-3592,1512,15620,48,124,263
403088565,-2968,-1008,16388,-386,398,-390
403092316,-3368,544,15876,-108,271,-211
403095849,-2808,-324,16152,-262,61,-397
403099405,-3080,1200,15528,91,-67,93
403102702,-3616,1456,15124,-33,-128,-54
403106259,-3788,-924,16544,60,-111,15
403109642,-3328,384,15640,-91,298,80
403112938,-2164,-340,16156,-189,6,-365
403116433,-2508,1600,15304,-209,333,-92
403119965,-2436,1812,15884,-100,98,-62
403123435,-3988,-628,16172,-17,286,139
403126905,-3704,1748,15568,22,160,255
403130288,-3448,-1404,16728,-201,105,-387
403134019,-3312,872,15656,-157,148,-174
403137575,-3080,976,15728,-155,-99,-361
403141178,-2292,1700,15596,-8,-27,-19
403144515,-3376,1352,15144,-103,-4,73
403147899,-3400,-740,16524,-24,306,-69
403151369,-4152,216,16372,49,151,280
403154665,-2648,-640,16328,-384,411,-427
403158309,-2748,1152,15220,-27,62,-47
403161692,-2864,1588,16188,-128,-17,-91
403165297,-3808,-376,16024,97,15,135
403168545,-3948,336,15796,81,-56,124
403171842,-3224,-1148,16544,-99,26,-300
403175398,-2192,1512,15568,-252,330,-264
403179042,-3012,1136,15916,-68,-7,-103
403182512,-2568,1396,15408,-201,355,-93
403186069,-3248,2032,15472,112,5,253
403189390,-3416,-1340,16844,-36,311,134
403192922,-3932,488,16100,-34,151,-37
403196305,-2712,924,16164,-227,102,-375
403199862,-2732,1584,15336,-42,-68,-63
403203332,-3224,1676,15132,-40,-158,-176
403206975,-3596,-20,16224,92,-64,127
403210272,-3732,32,15784,-69,30,189
403213485,-2360,-660,16236,-196,229,-403
403217150,-2700,1384,15656,-209,265,-87
403220682,-2388,1340,15988,-201,315,-174
403224325,-3476,120,15544,-36,73,-73
403227622,-3476,2356,15532,30,56,318
403230918,-3944,-1960,16984,-193,109,-299
403234648,-3824,492,15900,-82,78,-136
403238032,-2764,552,16116,-94,-29,-232
403241544,-2188,1632,15368,-116,-20,-142
403245145,-3248,1840,15408,-54,7,-16
403248442,-3252,-116,15968,-53,296,46
403251825,-4408,336,16304,-98,309,23
403255122,-2392,644,16220,-377,433,-310
403258678,-3080,944,15308,-62,78,-189
403262062,-3276,2556,15528,-177,104,-243
403265753,-3300,340,15664,123,-153,193
403269175,-4100,460,15936,117,-65,114
403272558,-3324,-1016,16440,-112,-42,-270
403276288,-3712,188,15952,-161,277,-141
403279845,-2564,676,15824,-121,88,-194
403283315,-2572,1496,15312,-219,219,-97
403286872,-2512,2280,15300,22,205,158
403290285,-3564,76,15608,19,73,174
403293378,-3832,780,16080,-5,208,62
403296588,-2744,104,16068,-234,95,-367
403300058,-3160,1064,15536,-121,-96,-113
403303702,-3024,1748,15416,50,-83,57
403306998,-3708,-1068,16480,92,-167,132
403310555,-3904,364,16132,-56,273,30
403313876,-2392,172,16024,-201,225,-351
403317408,-2792,1304,15528,-230,323,-139
403321051,-2456,600,16280,-296,370,-270
403324608,-3192,708,15616,-8,-9,94
403327731,-3996,1312,15796,13,116,235
403331115,-4152,-1936,16808,-43,-4,-167
403334671,-3088,1188,15500,-149,126,-154
403338318,-2932,-60,16208,-148,-99,-329
403341913,-2820,1156,15676,-156,89,-276
403345428,-3212,2000,15600,-82,81,166
403348812,-3248,-1288,16808,-38,192,54
403352282,-4264,744,16380,13,287,163
403355578,-2400,-168,16152,-367,330,-402
403359222,-3236,668,15780,-67,189,-231
403362692,-3008,2416,15828,-262,140,-345
403366383,-3364,604,15428,120,-192,199
403369805,-3968,776,15560,59,0,34
403372841,-3716,-1132,16648,-20,-132,-100
403376572,-2624,848,15576,-126,346,-70
403380042,-2348,572,15772,-153,-2,-288
403383512,-2908,992,15360,-26,212,108
403386895,-2640,2184,15432,-46,173,91
403390303,-4024,-1456,16924,-115,284,-21
403393921,-4316,852,16036,34,266,187
403397218,-2728,-232,16220,-308,71,-468
403400775,-2868,1424,15604,-80,30,-135
403404245,-3084,1540,15580,-33,-147,-20
403407802,-2968,1160,15768,127,-196,111
403411358,-3920,396,15692,-93,256,79
403414679,-2368,-68,15780,-167,184,-300
403418212,-3048,1204,15636,-272,410,-154
403421855,-2696,188,16188,-314,289,-368
403425412,-3024,888,15372,-76,130,-213
403428882,-3264,2468,15560,-53,14,198
403432265,-4136,-1712,16788,2,-4,-84
403435561,-3160,848,15548,-6,148,19
403438795,-3020,-492,16336,-152,-105,-358
403442536,-2476,1656,15596,-193,197,-298
403446145,-3316,1788,15620,-84,-1,137
403449528,-3456,-1060,16652,-67,204,38
403452998,-3964,1232,15984,42,198,195
403456382,-2720,-552,16268,-203,292,-77
403459938,-3508,440,15796,-131,287,-211
403463499,-2780,2044,15880,-287,87,-407
403467101,-2964,1292,15216,108,-136,173
403470609,-3108,1780,15144,49,-119,136
403474079,-3540,-1012,16636,-29,-41,-121
403477722,-3948,556,15752,-121,325,50
403481105,-2272,104,15904,-154,21,-343
403484575,-2752,1336,15404,-257,396,-187
403488219,-2640,2064,15596,-298,311,-316
403491887,-3204,724,15256,33,33,112
403495072,-3932,1180,15888,41,142,193
403498455,-4104,-1964,16932,-83,24,-165
403502012,-2976,1048,15424,-109,87,-145
403505569,-3108,-232,16204,-168,-90,-362
403509212,-2648,1544,15772,-188,148,-293
403512856,-3372,1896,15460,-80,23,203
403516264,-3148,-1268,16836,-60,226,39
403519709,-4232,828,16112,-36,253,168
403523092,-2496,-268,16268,-244,321,-155
403526736,-3416,612,15596,-99,248,-219
403530206,-2904,2312,15980,-309,78,-412
403533762,-3092,1300,15184,168,-151,233
403537319,-3248,1536,15188,117,-47,160
403540813,-3508,-980,16452,-97,-78,-218
403544381,-3640,528,15896,-95,306,6
403547556,-2508,216,15908,-174,39,-357
403551026,-2848,1256,15300,-237,267,-142
403554669,-2620,1936,15576,-73,176,79
403558053,-3920,-1056,16740,-6,47,71
403561349,-4104,936,16088,46,249,211
403564706,-3032,-404,16196,-276,47,-456
403568202,-2928,1276,15440,-98,44,-151
403571672,-2764,1684,15420,-10,-176,-40
403575229,-3320,860,15944,124,-160,105
403578699,-3792,624,15828,-106,189,99
403582082,-2352,-184,15748,-158,192,-260
403585726,-3160,1124,15924,-287,390,-192
403589394,-2444,188,16088,-289,264,-327
403592926,-2948,980,15208,-117,182,-269
403596483,-3144,2656,15704,-6,-52,232
403599866,-4104,-1944,16920,152,-138,202
403603510,-4136,672,15808,-44,129,-8
403606806,-2940,-436,16444,-80,-97,-194
403610363,-2412,1084,15600,-216,214,-299
403614031,-2608,732,15932,-143,-21,-250
403617563,-2884,700,15452,7,281,143
403620773,-4112,776,16100,-24,118,165
403624156,-3888,-1460,17000,-198,338,-93
403627800,-3600,392,15876,41,271,159
403631096,-2772,-156,16244,-305,43,-454
403634653,-2948,1464,15352,-80,3,-148
403638036,-3056,1672,15100,73,-114,81
403641442,-3500,-952,16496,2,-21,-129
403644837,-2496,640,15724,-134,279,11
403648186,-2424,52,15860,-148,41,-328
403651569,-2728,1436,15312,-57,180,48
403654952,-2464,2132,15448,-98,126,100
403658422,-4040,-1164,16580,-67,355,49
403661892,-3944,1164,16024,14,157,169
403665324,-2956,-528,16388,-277,79,-440
403668832,-2900,1120,15284,-161,85,-142
403672389,-2888,1568,15456,-21,-147,-111
403676033,-2832,1376,15608,104,-86,79
403679416,-3600,756,15616,-66,127,131
403682799,-3332,-1404,16712,-136,290,-211
403686529,-3424,860,15884,-50,277,96
403689850,-2412,-84,16348,-337,331,-360
403693382,-2896,1188,15228,-36,81,-3
403696679,-3136,2516,15668,15,-71,198
403700062,-4160,-1828,16660,6,131,-46
403703446,-3320,928,15588,-19,36,45
403706655,-2916,-832,16432,-122,-26,-348
403710299,-2456,1848,15532,2,-170,4
403713512,-3392,1184,15308,-69,34,112
403716916,-3500,-1060,16596,-83,301,-106
403720535,-3868,468,16392,22,146,213
403723832,-2616,-568,16144,-378,453,-402
403727475,-2980,1136,15364,-132,145,-182
403731119,-2932,1996,16100,-103,58,-20
403734589,-3100,1100,15580,58,-127,84
403737972,-3768,1244,15352,89,-42,124
403741378,-3036,-1072,16612,17,-16,5
403744655,-2864,508,15768,-285,258,-335
403748243,-3216,1384,15936,-125,80,-334
403751765,-2628,1236,15372,-141,194,-11
403755322,-3304,1832,15392,-46,148,13
403758705,-4028,-908,16352,-95,258,115
403762175,-3796,156,15984,-94,269,-102
403765694,-3148,-988,16604,-273,96,-442
403769202,-2980,1408,15500,-164,9,-132
403772672,-2928,1132,15816,-23,-48,-139
403776229,-3652,-172,16260,23,-149,17
403779612,-3652,784,15500,-18,171,168
403782995,-2324,-456,15984,-226,109,-420
403786639,-3504,608,16092,-254,313,-155
403790220,-2520,1696,15976,-326,430,-381
403793839,-2740,1188,15156,10,-16,24
403797136,-3772,1772,15408,4,-15,127
403800432,-4132,-1424,16708,42,-25,31
403803815,-3448,628,15676,-125,153,-177
403807372,-3060,-768,16356,-149,-38,-343
403811016,-2228,1628,15528,0,-109,-47
403814423,-3184,1564,15716,-92,128,24
403817782,-3356,-824,16428,-60,281,-29
403821252,-3896,1272,15724,77,167,220
403824635,-2736,-732,16300,-369,371,-374
403828279,-3440,308,15912,-87,200,-180
403831749,-2924,1736,16092,-148,59,-77
403835219,-3004,1044,15552,71,-176,90
403838605,-3632,1160,15284,42,39,84
403841835,-3360,-1076,16504,-99,-91,-274
403845455,-3016,332,15756,-206,363,-220
403849047,-3096,1300,15952,-198,55,-395
403852569,-2684,1580,15192,-90,208,-16
403856039,-3184,1728,15468,-109,235,-25
403859595,-4036,-940,16504,-66,178,105
403863066,-3944,312,16008,78,200,250
403866411,-3308,-1260,16796,-259,63,-397
403870006,-2748,1592,15380,-193,61,-214
403873562,-3000,1476,15652,-38,-144,-64
403877119,-2740,1236,15788,91,-207,64
403880502,-3452,1224,15316,-104,250,119
403884059,-3324,-1128,16704,-57,178,-94
403887616,-3724,528,16368,-302,485,-158
403891197,-2504,-60,16188,-357,339,-388
403894729,-2928,1056,15296,-16,70,-56
403898113,-3032,2396,16036,-81,64,39
403901409,-4004,-1432,16456,92,-41,70
403904792,-3420,816,15720,-6,123,9
403907915,-2992,644,15920,-99,-131,-288
403911472,-2236,1552,15708,-79,49,-159
403914967,-3060,1844,15756,-70,-48,33
403918325,-3584,-892,16392,-28,333,-49
403921795,-4192,384,16220,35,145,219
403925092,-3076,-1076,16476,-343,378,-326
403928822,-2708,1300,15332,-146,345,-235
403932466,-2944,2124,15784,-74,-72,-21
403935936,-3000,1080,15492,71,-66,109
403939342,-3544,1560,15196,41,-86,67
403942615,-3268,-1188,16492,87,-84,53
403945999,-3184,220,15664,-281,348,-261
403949590,-2772,1292,15888,-194,39,-369
403953112,-2624,1464,15300,-128,271,-36
403956669,-3076,1980,15576,-121,160,-83
403960226,-3976,-688,16220,-28,333,181
403963699,-3936,332,16048,37,138,207
403967041,-3232,-1192,16640,-206,92,-382
403970636,-2936,1464,15420,-175,154,-193
403974279,-2916,1368,15672,-55,-192,-155
403977923,-2448,1480,15528,82,-91,-5
403981219,-3388,1360,15392,-70,93,139
403984602,-2420,-872,16112,-34,278,-66
403988072,-3892,504,16232,-258,353,-139
403991654,-2472,-248,16344,-355,382,-438
403995273,-2824,956,15268,-26,55,-19
403998569,-3608,2104,15520,-83,-1,-19
404001952,-3884,-860,16220,88,9,99
404005075,-3720,296,16064,-130,103,-134
404008632,-3252,-736,16532,-106,40,-356
404012189,-2096,1600,15520,-59,-76,-115
404015770,-3220,1596,15856,-79,24,-2
404019042,-3428,-660,16164,-52,274,7
404022339,-4368,328,16424,77,77,246
404025548,-3020,-984,16456,-399,455,-385
404029192,-2756,1108,15484,-81,28,-151
404032662,-2792,1520,15920,-152,130,-110
404036305,-3556,-160,15832,9,-129,41
404039625,-3472,1492,15260,70,-37,117
404042985,-3384,-1348,16424,-122,-86,-251
404046715,-3304,144,15748,-227,298,-215
404050307,-2872,1060,16136,-203,167,-369
404053916,-2600,1536,15372,-156,180,-71
404057472,-2552,1820,15900,-109,251,-60
404061029,-4120,-524,16172,-10,114,165
404064601,-3768,1712,15428,55,127,260
404067882,-3420,-1472,16672,-206,97,-375
404071526,-3584,608,15688,-121,33,-136
404074996,-2788,908,16032,-103,-21,-241
404078553,-2468,1716,15504,-13,-125,-56
404082109,-3424,1224,15340,-21,15,57
404085406,-3392,-800,16468,-84,267,-68
404088900,-4048,284,16268,-174,349,-59
404092346,-2816,-668,16300,-368,436,-371
404095989,-2780,1124,15492,-43,15,-106
404099459,-2856,1996,16012,-76,61,-28
404102842,-3844,-672,16252,110,-130,147
404106399,-3660,1148,15264,40,12,79
404109609,-3208,-1048,16528,-134,-40,-286
404113343,-2940,260,15712,-252,281,-272
404116921,-3100,1412,15936,-144,50,-60
404120366,-2676,1328,15316,-100,165,-14
404123923,-3192,1920,15484,-84,203,-5
404127306,-4192,-1044,16616,-58,204,142
404130863,-3824,280,16028,-55,248,-109
404134333,-3204,-1272,16576,-271,135,-429
404138063,-2728,1552,15352,-174,46,-198
404141643,-2948,1268,15744,-7,-52,-94
404145003,-3736,-384,16224,10,-142,22
404148386,-3552,1164,15444,-8,135,147
404151808,-2300,-644,15980,-138,334,-115
404155413,-3724,572,16084,-207,288,-102
404158970,-2512,1440,15876,-369,468,-382
404162613,-2780,1216,15504,-37,-33,-68
404166132,-2868,2392,15796,-27,37,64
404169380,-4036,-1212,16276,44,-31,49
404172763,-3536,600,15892,75,-7,76
404175886,-2860,696,15840,-171,-6,-341
404179356,-2296,1632,15468,-12,-57,-95
404182826,-3244,1800,15256,-124,135,-11
404186383,-3536,-672,16392,-19,241,-2
404189791,-4092,544,16504,56,196,210
404193063,-3060,-1092,16264,-345,362,-320
404196793,-3036,1012,15596,-82,206,-131
404200350,-2656,1780,16020,-198,68,-118
404203906,-2908,1312,15492,55,-207,88
404207290,-3456,1488,15296,73,31,93
404210499,-3276,-1208,16600,-112,-76,-239
404214254,-3304,176,15828,-186,416,-247
404217786,-2920,980,16100,-194,71,-364
404221256,-2664,1524,15392,-167,257,-87
404224813,-2556,1708,15912,-140,282,-119
404228457,-3916,-420,16016,3,115,161
404231753,-4028,340,16216,79,157,315
404235049,-3580,-1588,16832,-248,101,-398
404238803,-3280,864,15652,-150,31,-150
404242250,-2992,856,16048,-108,-29,-190
404245807,-2240,1764,15524,-44,-105,-87
404249363,-3448,1320,15024,-25,179,213
404252868,-3368,-984,16512,-89,292,-113
404256390,-4152,388,16060,-165,330,-14
404259860,-2712,-668,16364,-423,496,-429
404263507,-2844,1280,15336,-104,111,-231
404267195,-2888,1972,16140,-117,95,-57
404270617,-3012,1284,15484,59,-155,136
404274087,-3572,1152,15304,64,-29,104
404277470,-3132,-960,16468,72,-47,-15
404280854,-2868,464,15560,-277,320,-294
404284410,-3328,1140,16036,-113,45,-385
404287967,-2704,1456,15388,-175,203,-22
404291548,-3104,1800,15504,-69,138,-23
404294994,-3944,-904,16188,-67,303,110
404298464,-3732,492,15848,2,128,185
404301674,-3272,-1156,16456,-218,167,-390
404305404,-2728,1416,15424,-180,54,-206
404308961,-2892,1496,15744,-38,-138,-124
404312604,-2632,1396,15680,44,-59,61
404315925,-3304,1152,15408,-43,118,146
404319370,-2236,-604,16008,-77,336,-93
404322841,-3556,668,15884,-275,303,-127
404326397,-2492,1380,15892,-347,416,-348
404330041,-2756,1168,15312,-37,-18,-47
404333511,-2864,2512,15772,-47,-15,91
404336894,-4180,-1404,16500,43,6,41
404340127,-3500,728,15676,9,9,53
404343053,-2768,728,15888,-76,-67,-206
404346523,-2344,1724,15592,-28,-117,-32
404350080,-3276,1616,15328,-49,171,147
404353585,-3308,-660,16312,-29,236,-9
404356933,-4252,280,16292,-132,369,-4
404360317,-2992,-1092,16496,-422,456,-377
404364095,-3096,1052,15496,-121,128,-152
404367690,-2740,1600,15876,-117,120,-113
404371334,-3024,1368,15340,28,-194,49
404374717,-3592,1260,15252,111,-8,112
404378100,-3216,-944,16432,47,-52,34
404381397,-3240,184,15604,-229,305,-210
404384954,-3024,1252,15928,-102,34,-71
404388427,-2580,1456,15460,-130,160,-47
404392005,-3152,2080,15316,-63,230,7
404395277,-4116,-1044,16388,-66,194,73
404398747,-3808,548,16148,-4,203,-58
404402043,-2748,824,16148,-247,157,-365
404405600,-2820,1556,15396,-25,-130,-57
404409157,-2932,1444,15816,-2,-78,-88
404412540,-3624,-432,16432,84,-132,81
404415948,-3720,168,16024,12,140,188
404419220,-2432,-756,16116,-259,126,-418
404422863,-2440,1648,15360,-224,351,-114
404426507,-2468,1396,16092,-188,256,-147
404430150,-2804,1136,15328,-52,2,-68
404433447,-3700,2224,15392,46,170,343
404436830,-3792,-1848,16960,58,-74,105
404440323,-3748,624,15784,-80,157,-160
404443770,-2776,676,16236,-159,-17,-346
404447327,-2292,1616,15276,-30,0,-129
404450710,-3268,1724,15428,-19,69,203
404454128,-3612,-932,16324,-78,272,13
404457476,-4052,532,16168,-101,350,14
404460860,-2496,676,16112,-370,369,-339
404464465,-2980,1072,15472,-64,139,-162
404467973,-2776,1704,15892,-156,24,-115
404471530,-3600,-380,16036,98,-71,142
404474913,-3412,1444,15296,80,45,92
404478123,-3324,-1132,16404,-115,-113,-260
404481940,-3312,220,15840,-242,381,-229
404485497,-3008,1108,15956,-66,-79,-94
404488991,-2644,1424,15328,-151,221,-48
404492524,-2864,2096,15356,37,119,212
404495907,-4144,-768,16380,16,133,148
404499290,-3868,288,16120,-62,318,-12
404502673,-2668,984,15952,-247,56,-421
404506143,-2776,1496,15280,-10,-63,-22
404509613,-3176,1536,15192,-82,-119,-157
404513260,-3588,160,16076,152,-140,147
404516751,-3508,1256,15572,-39,154,222
404520197,-2412,-856,16224,-249,160,-449
404523840,-3968,680,16088,-141,335,-49
404527310,-2496,1220,16040,-251,241,-241
404530954,-2944,1296,15316,-17,54,-88
404534337,-3576,2112,15328,32,90,271
404537634,-3816,-1952,16884,82,-70,87
404541040,-3876,692,16040,-97,163,-91
404544400,-2948,320,16160,-138,-54,-304
404547957,-1960,1776,15504,-84,48,-208
404551427,-3392,1768,15088,-99,30,-7
404554758,-3380,-656,16132,5,267,-1
404557933,-4268,672,16368,-126,297,66
404561316,-2460,372,16048,-275,318,-376
404564934,-2884,996,15504,-120,187,-232
404568430,-3176,2488,15552,-213,14,-193
404571987,-3552,-36,15644,165,-67,189
404575370,-4076,472,15840,40,-63,101
404578666,-3316,-1088,16484,-67,-76,-230
404582310,-2248,1304,15576,-170,363,-145
404585953,-2808,872,16196,-143,8,-168
404589361,-3164,460,15484,-172,270,-90
404592807,-2876,2000,15360,12,111,165
404596190,-3876,-1520,16792,-214,435,-145
404599920,-4084,484,16016,-61,234,2
404603130,-2488,548,16092,-227,98,-358
404606600,-2856,1444,15340,-71,18,-98
404609983,-3036,1744,15168,59,-163,60
404613370,-3740,-1148,16600,141,-61,188
404616948,-3876,252,15988,-115,191,-46
404620393,-2664,-992,16496,-176,201,-357
404624037,-2724,1396,15528,-305,319,-192
404627680,-2320,1032,16104,-246,210,-297
404631324,-3312,572,15464,-41,151,-124
404634794,-3504,2336,15392,34,-3,275
404638090,-3996,-1928,17076,111,-36,168
404641670,-3872,556,15828,-93,71,-79
404644943,-2900,112,16208,-99,-31,-317
404648413,-1988,1772,15260,-148,113,-224
404652057,-3280,1796,15200,-64,-87,-74
404655562,-3328,-192,16024,-35,360,53
404658910,-4392,536,16388,-36,194,87
404662207,-2448,360,16008,-279,440,-271
404665812,-3000,896,15616,-141,128,-227
404669320,-2516,1208,16040,-184,24,-213
404672877,-3580,180,15648,113,-82,165
404676260,-3116,1716,15176,43,-102,66
404679643,-3668,-1276,16696,-42,9,-190
404683113,-2252,1180,15520,-208,269,-161
404686757,-2480,776,16084,-73,57,-179
404690165,-2576,1528,15420,-217,275,-131
404693784,-2780,2176,15392,34,121,112
404697167,-3440,120,15692,-13,165,174
404700550,-4084,564,16100,15,148,86
404703760,-2596,428,16304,-304,135,-400
404707317,-2692,1732,15472,-61,-90,-58
404710787,-3092,1548,15316,13,-34,-32
404714194,-3248,800,15932,93,-160,131
404717553,-3992,0,15940,-105,303,6
404720676,-2428,380,15996,-169,-13,-325
404724233,-2748,1232,15700,-264,300,-173
404727876,-2588,2168,15684,-244,396,-266
404731520,-3244,580,15216,27,-32,141
404734816,-4148,1056,16140,55,36,262
404738113,-3992,-1904,17088,-131,52,-218
404741779,-2776,1176,15412,-64,89,-47
404745140,-2884,-16,16116,-153,-9,-317
404748610,-2816,1168,15792,83,-197,121
404752080,-3148,1856,15184,-68,127,162
404755588,-3212,-1316,16492,-134,215,-243
404759280,-4108,628,16304,-16,236,84
404762576,-2516,292,16072,-347,342,-368
404766181,-3280,492,15728,-85,139,-228
404769603,-3020,2692,15404,-242,122,-282
404773247,-3464,396,15568,149,-206,222
404776717,-4020,592,15732,69,-33,65
404779926,-3432,-1004,16568,-67,-113,-130
404783656,-2268,1100,15440,-178,319,-148
404787300,-2712,1012,16008,-135,12,-204
404790881,-2476,1576,15536,-193,202,-105
404794500,-2784,2192,15400,-37,196,122
404797970,-3548,140,15712,25,40,159
404801180,-4156,472,16116,6,315,51
404804303,-2668,292,16076,-250,-5,-380
404807773,-2708,1428,15392,-73,-34,-86
404811243,-2940,1896,15104,9,-119,-20
404814651,-3720,-1204,16592,159,-219,171
404818270,-3960,172,15912,-181,367,4
404821566,-2336,244,15888,-164,129,-373
404825123,-2708,1380,15652,-254,408,-157
404828767,-2424,580,16108,-305,322,-337
404832323,-3248,640,15280,66,22,137
404835533,-4128,1156,16232,-13,106,219
404839026,-4072,-1772,16936,-50,3,-146
404842473,-2944,1068,15480,-31,151,-23
404845943,-2992,-52,16204,-157,-91,-330
404849500,-2728,1376,15568,-132,88,-226
404853056,-3228,1716,15328,-108,11,160
404856562,-3176,140,15708,-37,248,4
404859736,-4448,628,16436,-4,203,151
404863033,-2184,132,16044,-375,410,-407
404866638,-3084,864,15544,-63,171,-213
404870060,-3200,2340,15788,-61,-43,143
404873530,-3356,504,15460,111,-96,179
404876913,-4056,728,15672,24,-5,43
404880036,-2920,-688,16316,-118,-10,-357
404883679,-2208,1092,15484,-278,271,-364
404887323,-3296,1812,15612,-94,-40,-209
404890909,-3052,628,15480,-28,308,73
404894176,-3872,1268,16120,-37,87,143
404897559,-3816,-1408,16852,-174,386,-69
404901203,-3460,448,15848,-21,261,72
404904499,-2648,128,16200,-248,39,-382
404907969,-3148,972,15396,66,-126,126
404911352,-2964,1876,15228,26,-193,-3
404914760,-3640,-1048,16628,21,-13,-21
404918206,-2568,640,15708,-145,248,-20
404921676,-2380,288,15800,-126,57,-315
404925146,-2756,1156,15252,-323,356,-188
404928789,-2664,2412,15680,-29,114,90
404932173,-4120,-1452,16664,46,100,160
404935643,-4048,1292,15976,17,113,166
404939049,-2992,-736,16556,-29,115,-122
404942583,-3128,900,15412,-178,8,-224
404945966,-2904,1576,15492,33,-101,-91
404949436,-2764,1368,15864,72,-166,121
404952906,-3708,612,15568,-69,217,67
404956206,-3160,-1208,16604,-144,309,-210
404959967,-3260,772,16192,-39,190,168
404963319,-2604,-68,16084,-330,459,-366
404966922,-2764,1104,15176,-145,141,-280
404970516,-3156,2256,15660,-5,39,126
404973813,-4088,-1292,16680,47,-61,-2
404977196,-4044,600,15872,21,24,66
404980319,-3004,-468,16292,-185,14,-380
404983876,-2524,1644,15640,-233,183,-297
404987519,-3076,1696,15608,-92,96,81
404990840,-3444,-804,16408,-90,178,23
404994199,-3816,1112,15996,118,194,236
404997669,-2808,-592,16340,-413,394,-380
405001312,-3400,348,15784,-105,186,-235
405004869,-2760,2152,15924,-264,122,-365
405008513,-3108,932,15556,106,-212,129
405011983,-3680,1088,15480,12,-60,-57
405015390,-3676,-1040,16672,33,-117,-18
405018923,-3036,404,15620,-74,242,61
405022219,-2200,60,15896,-186,38,-341
405025602,-2684,1408,15340,-84,220,26
405028986,-2564,1880,15852,-171,246,-43
405032542,-4024,-728,16276,10,185,240
405035926,-3904,-172,16184,43,261,206
405039332,-2952,-316,16372,-283,17,-443
405042866,-2932,1016,15504,-76,84,-100
405046336,-2880,1488,15584,-66,-145,-170
405049979,-2728,1660,15636,112,-230,152
405053536,-3944,460,15748,-113,219,84
405056919,-3116,-1012,16480,-155,249,-233
405060684,-3380,528,16056,71,203,217
405064048,-2536,60,16104,-402,349,-442
405067416,-2652,1072,15196,55,27,37
405070626,-3524,2136,15476,-148,70,1
405073922,-4056,-1044,16404,156,-57,173
405077479,-3504,152,15916,-269,200,-307
405081036,-2780,128,16200,-177,-123,-359
405084679,-2660,1120,15504,-137,190,-207
405088326,-3000,1588,15764,-123,19,-29
405091817,-2792,1352,15204,18,160,138
405095176,-3948,980,16008,-2,138,200
405098472,-2892,-564,16304,-179,322,-64
405102029,-3520,240,15936,-145,279,-138
405105586,-2856,2024,15980,-289,25,-447
405109143,-3044,1424,15284,77,-79,149
405112526,-3648,1112,15348,21,-172,-13
405116020,-3712,-900,16636,59,0,-26
405119206,-2924,512,15652,-275,278,-287
405122762,-2308,32,15872,-125,18,-365
405126145,-2732,1460,15244,-140,233,-37
405129702,-2528,2100,15816,-83,92,-19
405133086,-3864,-792,16368,-90,309,90
405136469,-3896,104,15872,48,89,290
405139702,-3128,-976,16712,-236,170,-466
405143322,-2932,1440,15480,-168,46,-145
405146879,-2924,1080,15700,-62,-92,-173
405150436,-3540,68,16228,16,-98,20
405153558,-3628,796,15804,-50,133,164
405156942,-2280,-372,16012,-237,132,-470
405160589,-3520,588,16172,-228,305,-113
405164213,-2676,1616,16000,-169,314,-162
405167786,-2880,1256,15372,-30,-16,-59
405171256,-3652,2140,15524,-48,-15,77
405174639,-4084,-1216,16516,53,-20,102
405178109,-3564,552,15872,-146,117,-125
405181666,-3132,-844,16348,-143,44,-338
405185222,-2240,1756,15544,-298,237,-312
405188890,-3180,1644,15876,-32,71,77
405192162,-3448,-700,16240,-122,232,6
405195546,-3620,1560,15688,98,111,259
405198929,-2968,-1124,16600,-416,413,-398
405202659,-3620,448,15796,-93,203,-159
405206129,-2820,1416,16036,-227,121,-379
405209773,-2960,1284,15368,19,-124,33
405213159,-3608,1448,15028,28,-131,-67
405216650,-3724,-724,16364,45,-146,42
405220009,-3296,372,15728,-218,408,-224
405223566,-2264,-236,15788,-192,92,-368
405227123,-2456,1480,15348,-279,340,-234
405230766,-2604,1940,15816,-117,243,-33
405234323,-2880,808,15252,-5,-9,46
405237446,-3828,1844,15620,61,209,237
405240853,-3508,-1556,16700,-224,46,-366
405244473,-3344,596,15656,-162,108,-209
405248029,-2716,1316,15696,-144,-11,-353
405251673,-2580,1532,15596,27,-158,13
405255056,-3312,1412,15340,-75,82,71
405258353,-3504,-1080,16292,-87,275,-74
405261909,-4052,328,16164,-164,370,-12
405265445,-2736,-684,16244,-435,454,-418
405269023,-2752,1260,15240,-105,167,-174
405272666,-2968,1904,16188,-93,70,-9
405275963,-3748,-816,16196,51,-126,105
405279433,-3744,1116,15364,78,-2,87
405282643,-3116,-1024,16560,-179,-41,-338
405286373,-2916,484,15720,-237,268,-248
405289954,-2956,1432,15776,-170,118,-378
405293573,-2672,1476,15156,-94,123,26
405296956,-3384,1776,15668,-73,190,-2
405300340,-3912,-884,16488,-82,250,74
405303723,-3980,200,15872,-62,246,-90
405307106,-3272,-936,16572,-270,165,-438
405310750,-2904,1360,15448,-163,5,-175
405314244,-2728,1408,15504,-35,-26,-146
405317776,-3756,-436,16308,74,-204,53
405321160,-3636,912,15436,-49,187,173
405324543,-2244,-476,15960,-189,36,-445
405328100,-3612,472,16124,-256,380,-143
405331656,-2536,1604,15984,-168,206,-137
405335300,-2804,1228,14960,-21,-33,-32
405338794,-3752,1980,15324,-47,56,97
405342066,-3996,-1236,16508,78,-67,33
405345450,-3628,748,15840,-117,178,-99
405348919,-3140,-1040,16440,-171,-21,-381
405352650,-2204,1948,15452,-277,227,-319
405356293,-3164,1432,15860,-88,99,51
405359590,-3592,-728,16308,-85,171,38
405362973,-3508,1460,15740,95,184,254
405366422,-2980,-920,16300,-397,354,-374
405370000,-3784,364,15876,-22,212,-117
405373470,-2776,1544,16040,-206,41,-171
405377027,-2916,1536,15516,66,-171,67
405380410,-3596,1152,15432,35,35,97
405383620,-3352,-1184,16372,34,-130,42
405387090,-3312,164,15884,-210,386,-217
405390671,-2980,1128,16132,-226,80,-370
405394203,-2600,1560,15328,-102,231,-37
405397760,-2464,1952,15888,-143,254,-56
405401317,-3996,-696,16248,-33,173,130
405404787,-3868,1932,15592,61,175,232
405408170,-3364,-1576,16588,-204,49,-351
405411813,-3416,628,15724,-148,144,-195
405415395,-2804,1340,15764,-188,-45,-373
405419014,-2444,1492,15596,56,-124,5
405422310,-3408,1392,15424,-130,164,125
405425867,-3292,-948,16608,-27,213,-57
405429337,-4036,452,16376,77,164,215
405432633,-2656,-544,16384,-394,395,-407
405436277,-2888,980,15516,-7,97,-72
405439511,-3536,2244,15376,-103,97,-31
405442957,-3744,-532,16024,112,-132,122
405446513,-3580,1428,15352,94,-10,143
405449897,-3296,-1236,16360,-138,-77,-284
405453627,-2928,-84,15932,-298,296,-420
405457184,-2960,2148,15724,-58,13,89
405460480,-2780,896,15452,-51,137,72
405463824,-3196,2188,15392,16,218,186
405467195,-3368,-1600,16632,-10,168,154
405470717,-3940,148,16264,-132,308,-154
405474273,-2536,1504,15868,-292,107,-426
405477917,-2988,1292,15340,-4,-94,12
405481213,-3156,1808,15088,-50,-43,-159
405484770,-3816,-336,16532,105,-164,167
405488330,-3348,60,15932,-57,232,116
405491648,-2428,-300,15908,-184,-10,-368
405495267,-2456,1436,15432,-278,399,-122
405498910,-2500,1676,16016,-168,268,-180
405502554,-2788,1324,14980,-5,-75,-12
405505937,-3600,1988,15392,47,173,268
405509320,-4172,-1292,16560,49,-58,44
405512704,-3536,680,15828,-85,119,-107
405516198,-2792,688,15852,-166,-30,-352
405519730,-2064,2044,15604,-11,-71,-83
405523200,-3336,1484,15352,-73,63,57
405526497,-3524,-732,16172,-59,266,-74
405529967,-4176,296,16380,-140,358,24
405533350,-2964,-932,16136,-389,395,-371
405536993,-2816,1148,15472,-94,217,-183
405540575,-2792,1744,16088,-166,40,-90
405544020,-3796,-480,15848,66,-176,103
405547490,-3480,1344,15200,26,37,51
405550700,-3220,-1068,16544,-106,-71,-236
405554430,-3304,192,15708,-233,399,-227
405557987,-2916,1148,16100,-203,87,-400
405561544,-2432,1560,15340,-141,276,-46
405565160,-2620,1924,15908,-113,243,-67
405568692,-3880,-664,16268,-37,161,131
405572127,-3676,1988,15556,60,174,250
405575511,-3484,-1508,16688,-213,50,-355
405579154,-3292,752,15812,-162,94,-208
405582624,-2692,1200,15796,-55,-131,-189
405586268,-2512,1620,15308,21,-133,-26
405589762,-3580,1332,15212,-37,151,188
405593208,-3388,-1064,16712,-88,284,-87
405596764,-3972,476,16156,78,111,262
405600061,-2640,-700,16468,-423,439,-382
405603704,-2764,1148,15380,-49,8,-110
405607088,-2892,1848,15772,-110,94,16
405610471,-3736,-668,16124,92,-107,117
405613965,-3660,1144,15284,99,68,107
405617237,-3220,-956,16512,-118,-124,-278
405620967,-2976,132,15896,-234,377,-293
405624524,-2924,1508,15732,-98,-40,-10
405627994,-2684,1288,15256,-83,144,23
405631378,-3144,1976,15664,37,143,174
405634761,-3268,-1400,16556,-62,206,145
405638321,-3872,100,15840,-70,320,-87
405641725,-2644,1320,16076,-290,73,-432
405645258,-2952,1264,15196,47,-89,10
405648554,-3180,1816,14968,89,-142,89
405651937,-3868,-216,16404,146,-136,125
405655494,-3680,280,16052,-237,332,-181
405659051,-2260,-560,15844,-184,45,-389
405662608,-2576,1540,15384,-225,413,-94
405666211,-2572,1444,16064,-173,172,-182
405669843,-2796,1088,15156,-54,48,-55
405673191,-3480,2168,15464,44,64,262
405676488,-3724,-1696,16916,-175,112,-326
405680218,-3584,692,15828,-138,168,-136
405683775,-3204,-916,16348,-129,-62,-322
405687418,-2216,1660,15680,-11,-9,-90
405690826,-3168,1460,15868,-128,24,23
405694185,-3480,-672,16280,-34,270,-42
405697655,-4108,444,16356,63,199,242
405700951,-3132,-1056,16544,-354,364,-344
405704681,-3648,392,15872,-85,277,-121
405708151,-2848,1500,16100,-152,-27,-147
405711795,-2876,1356,15256,79,-55,59
405715116,-3440,1384,15312,54,-77,120
405718475,-3364,-1104,16364,81,-137,85
405721945,-3196,244,15636,-266,373,-247
405725501,-3028,1060,16052,-154,6,-367
405728971,-2500,1548,15468,-190,364,-80
405732528,-3012,2180,15464,-114,151,-96
405736085,-3860,-612,16256,-6,250,179
405739493,-4064,252,16000,27,187,252
405742765,-3496,-1404,16776,-231,62,-367
405746408,-2740,1340,15540,-167,181,-131
405750052,-2852,944,15716,-85,-137,-243
405753608,-2508,1648,15608,85,-126,-22
405757078,-3552,1184,15492,-91,91,186
405760462,-2268,-612,16112,-78,280,-146
405764065,-3808,536,16328,-219,378,-13
405767488,-2844,-884,16448,-352,351,-355
405771167,-2620,1560,15168,-47,87,-148
405774602,-2840,2428,15924,-61,-48,110
405778072,-3896,-1244,16316,62,16,7
405781282,-3740,908,15820,15,29,56
405784405,-3312,-1324,16628,-115,-72,-278
405788138,-2092,1924,15512,-133,26,-218
405791716,-3096,1372,16036,-99,-71,18
405795075,-3528,-296,16132,-5,362,-5
405798371,-3332,1664,15492,50,77,237
405801668,-3116,-1088,16676,-329,467,-312
405805398,-3864,176,15816,-96,273,-109
405808868,-2668,1400,15996,-166,23,-184
405812425,-2940,1460,15500,44,-54,83
405815746,-3276,1364,15128,46,-96,29
405819018,-3452,-1228,16624,-20,-12,-178
405822661,-3500,28,15952,-246,332,-219
405826131,-2796,1080,15968,-191,32,-416
405829688,-2528,1532,15188,-225,301,-69
405833245,-2576,1804,15908,-144,154,-120
405836888,-3840,-460,16176,-7,269,195
405840296,-3640,1980,15416,22,63,249
405843568,-3612,-1664,16832,-158,126,-339
405847298,-3444,532,15788,-179,170,-121
405850855,-2860,920,15868,-73,-131,-220
405854412,-2376,1608,15504,24,-10,-37
405857795,-3448,1464,15256,-107,54,133
405861265,-3504,-724,16336,-25,321,-32
405864782,-4216,232,16380,-203,304,-37
405868205,-2804,-780,16264,-377,426,-399
405871884,-2836,1212,15344,-80,249,-176
405875405,-2904,1660,16168,-125,11,-120
405878962,-3724,-360,16008,60,-132,88
405882345,-3696,1244,15340,47,-36,105
405885729,-3228,-1080,16516,-102,-7,-325
405889397,-2952,500,15816,-260,365,-244
405892929,-3128,1188,16152,-164,-7,-348
405896486,-2496,1512,15196,-111,271,-37
405900042,-2512,2064,15792,-132,181,-29
405903599,-4136,-872,16356,0,240,119
405906896,-3892,324,16164,-35,231,207
405910279,-3272,-1240,16544,-227,64,-413
405913947,-2800,1456,15380,-148,138,-185
405917566,-2956,1348,15692,-41,-170,-119
405921209,-2712,1512,15700,96,-62,25
405924506,-3672,1016,15316,-72,85,133
405927889,-2364,-476,16216,-123,254,-160
405931533,-3752,584,16032,-263,411,-125
405935089,-2572,-392,15940,-365,319,-403
405938757,-2936,1100,15336,-57,146,-209
405942290,-2988,1984,15988,-140,39,19
405945673,-3960,-964,16192,124,-186,142
405949229,-3888,732,15532,30,81,76
405952353,-3148,-852,16436,-145,-49,-326
405955996,-2288,968,15388,-260,346,-305
405959553,-3492,1368,15904,-108,-20,63
405963023,-2832,1124,15424,-73,278,18
405966454,-3636,1468,15772,77,26,264
405969703,-2812,-1084,16152,-139,334,-6
405973294,-3540,572,15812,-129,214,-179
405976816,-2840,-480,16340,-232,-2,-359
405980373,-3032,1244,15408,57,-39,66
405983669,-3432,1428,15308,3,-172,-63
405987052,-3756,-752,16456,96,-47,8
405990287,-3052,276,15748,-258,283,-245
405993819,-2452,-228,16160,-155,24,-331
405997376,-2612,1500,15372,-178,241,-44
406000933,-2672,2008,15816,-62,122,-21
406004403,-4036,-900,16504,-70,313,125
406007872,-3888,1500,15616,34,95,226
406011169,-3292,-1172,16660,-240,141,-419
406014924,-3216,984,15476,-208,56,-186
406018369,-2840,1168,15792,-115,-92,-324
406022013,-2508,1628,15492,27,-88,45
406025309,-3500,936,15224,-58,139,168
406028693,-3328,-1384,16744,-69,361,-188
406032336,-3604,768,15896,-23,127,156
406035719,-2624,-340,16244,-292,399,-373
406039387,-2800,1280,15152,-169,271,-285
406043006,-3084,2424,15980,-5,-46,96
406046303,-3940,-1408,16532,123,-51,171
406049859,-3908,964,15460,36,-40,68
406053069,-3072,-868,16432,-153,24,-330
406056626,-2552,832,15484,-258,227,-346
406060183,-3156,1600,15744,-58,75,74
406063483,-2812,1220,15208,-96,231,39
406066964,-3704,1368,15820,116,132,251
406070333,-2856,-964,16416,-188,371,-12
406073928,-3620,600,15552,-96,189,-188
406077359,-2864,1588,16200,-235,139,-409
406081003,-3000,1476,15400,46,-237,98
406084386,-3692,1172,15312,58,-102,-3
406087769,-3828,-936,16456,23,-117,-21
406091264,-2956,484,15412,-25,208,61
406094536,-2432,-156,16056,-194,89,-351
406098092,-2644,1588,15404,-66,186,7
406101389,-2592,1860,15696,-92,278,-15
406104859,-4128,-860,16456,-34,168,117
406108329,-3876,1468,15696,31,213,253
406111712,-3120,-1260,16600,-268,76,-431
406115380,-3212,1056,15544,-101,56,-131
406118912,-2964,1104,15788,-90,-87,-166
406122469,-2584,1616,15692,65,-208,34
406125852,-3620,704,15468,-82,266,161
406129236,-2392,-464,16144,-113,206,-180
406132879,-3536,608,16000,-253,481,-136
406136436,-2668,-140,15912,-414,391,-408
406140104,-2808,1044,15120,-113,135,-259
406143723,-3052,2468,15732,-58,61,116
406147106,-4116,-1428,16380,132,-199,180
406150750,-3952,668,15696,58,79,86
406153873,-2848,-564,16228,-176,-88,-370
406157516,-2572,836,15560,-216,227,-265
406161073,-3012,1692,15724,-162,82,-292
406164677,-2720,1120,15392,-45,146,44
406168013,-3360,1564,15636,-91,237,6
406171310,-4228,-1236,16808,-65,201,102
406174901,-3516,56,16152,4,279,107
406177989,-2728,2228,15584,-304,29,-434
406181546,-3260,784,15636,137,-140,143
406185016,-3604,1560,15204,-59,-39,-83
406188490,-3832,-924,16336,92,-112,62
406191894,-2980,468,15820,-82,321,44
406195166,-2272,108,16000,-140,-31,-334
406198723,-2552,1500,15336,-149,291,-60
406202279,-2640,2144,15904,-117,154,-6
406205749,-4116,-1140,16620,70,-64,117
406209219,-3808,1388,15716,-24,246,182
406212689,-3356,-1120,16524,-204,29,-389
406216357,-2988,828,15612,-123,147,-153
406219890,-2772,1552,15620,-190,-60,-366
406223533,-2776,1400,15764,131,-141,96
406227003,-3116,1744,15384,-131,127,81
406230473,-3164,-1092,16508,-110,241,-173
406234203,-4244,816,15952,60,228,202
406237500,-2500,-148,15964,-372,335,-417
406241168,-3360,520,15716,-71,198,-241
406244613,-3124,2416,15804,-295,102,-355
406248257,-3096,764,15308,131,-195,174
406251727,-3808,876,15608,29,-47,-4
406254937,-3676,-1104,16452,-19,-128,-73
406258580,-2384,808,15308,-92,321,-23
406261963,-2532,472,16072,-141,-41,-315
406265567,-2876,1040,15308,-265,322,-187
406269163,-2500,2260,15640,-64,173,77
406272547,-4088,-1328,16892,28,30,178
406275965,-4316,760,15992,-6,290,120
406279227,-2888,-300,16228,-273,52,-422
406282783,-2868,1200,15508,-110,52,-129
406286340,-2964,1688,15456,-14,-164,-64
406289921,-2888,1000,15888,164,-163,157
406293454,-3748,560,15672,-118,161,131
406296924,-2868,-1084,16552,-103,149,-222
406300654,-4224,448,16288,-21,289,134
406304037,-2528,308,15964,-316,311,-393
406307594,-2864,1132,15220,-97,83,-249
406311064,-3116,2528,15480,-72,49,216
406314472,-4132,-1864,16748,159,-155,186
406318091,-4016,688,15916,-45,148,44
406321387,-2900,-432,16228,-98,-112,-196
406325031,-2136,1152,15416,-183,223,-319
406328674,-2648,980,16072,-138,4,-169
406332057,-3156,372,15544,5,230,63
406335180,-3860,1320,15712,11,155,200
406338588,-3968,-1292,16856,-133,287,-1
406342120,-3092,352,15908,-239,294,-345
406345677,-2544,1000,15840,-258,-2,-360
406349234,-3380,416,15612,-32,-53,-23
406352617,-3024,1852,15396,3,-146,-24
406356000,-3732,-1232,16492,40,-42,15
406359384,-2684,620,15484,-152,355,-58
406362854,-2392,420,15928,-138,-17,-276
406366457,-2880,1224,15728,-250,419,-107
406370054,-2592,2028,15536,-66,104,21
406373437,-3152,776,15292,67,68,162
406376682,-4392,728,16112,18,149,138
406379943,-2776,-188,16364,-237,80,-419
406383500,-3004,1124,15504,-147,63,-140
406387057,-2808,1656,15512,-24,-136,-112
406390725,-2744,1324,15652,113,-132,138
406394257,-3828,484,15640,-81,9,193
406397467,-3076,-1200,16560,-114,276,-273
406401197,-3228,860,15736,-56,259,150
406404580,-2596,116,16076,-310,326,-387
406408137,-2796,1204,15072,-117,205,-220
406411781,-3028,2472,15732,-22,-65,165
406415275,-3456,428,15568,124,-61,152
406418634,-3804,840,15692,1,-29,57
406421757,-3100,-708,16412,-146,34,-354
406425314,-2240,1112,15376,-253,160,-358
406428957,-3028,1808,15468,-101,-44,-197
406432601,-3144,588,15432,-69,234,62
406435897,-3932,1304,15764,50,138,221
406439305,-4040,-1460,17020,-205,427,-78
406442924,-3332,432,15884,-21,220,39
406446220,-2756,164,16124,-204,113,-355
406449777,-3020,980,15640,44,-185,98
406453074,-3744,1224,15356,7,-100,-57
406456457,-3796,-976,16684,12,-115,23
406459840,-2800,456,15708,-133,252,1
406463140,-2344,236,15884,-147,61,-310
406466654,-2696,1280,15308,-123,185,28
406470076,-2532,2272,15692,-44,188,49
406473460,-4104,-1220,16624,-105,223,83
406477051,-3936,1236,15944,60,194,195
406480400,-3068,-784,16424,-271,46,-422
406483956,-2792,1440,15540,-153,26,-185
406487513,-2752,1412,15712,-59,-94,-149
406491099,-2576,1444,15584,100,-190,61
406494540,-3740,720,15432,-64,265,178
406497923,-2336,-340,15936,-156,233,-264
406501567,-3564,864,16060,-234,419,-107
406505124,-2524,-416,16200,-363,420,-395
406508767,-2784,1320,15312,-157,124,-295
406512411,-3008,2380,15708,-26,77,132
406515818,-4168,-1492,16672,84,-166,162
406519351,-4068,912,15632,53,75,44
406522473,-3084,-848,16388,-156,-41,-341
406526117,-2616,772,15508,-219,239,-336
406529674,-3076,1728,15800,-145,60,-247
406533231,-2888,956,15364,-74,203,17
406536527,-3752,1496,15632,76,170,233
406539935,-4004,-1524,17016,-147,248,21
406543467,-3620,396,15624,-123,298,-172
406547024,-3000,-376,16256,-288,69,-425
406550581,-2928,1288,15600,-123,-15,-140
406554224,-2872,1636,15468,-48,-40,-73
406557694,-3704,-876,16504,121,-223,138
406561251,-3776,576,15856,-90,280,91
406564607,-2356,0,16008,-203,237,-288
406567931,-3160,892,15852,-267,337,-157
406571487,-2552,1980,15804,-352,424,-390
406575131,-2920,928,15128,20,5,63
406578202,-3884,1628,15376,34,209,249
406581550,-3364,-1348,16708,-10,-48,-89
406585107,-3204,976,15652,-121,113,-156
406588688,-3088,-660,16456,-180,-49,-370
406592307,-2560,1688,15428,53,-111,-2
406595691,-3024,1968,15544,-80,104,135
406599160,-3464,-1180,16596,-109,263,-155
406602891,-4104,1104,16012,20,248,196
406606274,-2652,-508,16284,-349,307,-371
406609918,-3544,372,15664,-110,243,-212
406613478,-2840,2212,15868,-297,119,-440
406617142,-3040,988,15328,108,-172,161
406620588,-3064,1644,15312,40,-33,-47
406623971,-3704,-984,16532,10,-160,-30
406627441,-2640,636,15528,-98,313,8
406630651,-2356,264,15936,-139,-39,-330
406634207,-2780,1120,15324,-101,254,13
406637678,-2728,2324,15544,-91,107,72
406641085,-3852,-1256,16520,-83,303,35
406644531,-4080,1156,15864,37,236,188
406647914,-3052,-788,16436,-270,65,-414
406651471,-2928,1056,15576,-108,65,-155
406655027,-2844,1628,15512,-32,-155,-118
406658671,-2648,1484,15668,157,-225,131
406662228,-3728,600,15476,-119,109,170
406665745,-3064,-1228,16888,-147,252,-259
406669428,-4368,572,16396,-2,258,158
406672724,-2440,28,16004,-333,310,-411
406676195,-3020,1016,15272,-61,141,-215
406679786,-2984,2232,15812,-90,35,86
406683048,-4116,-1356,16564,67,-6,-27
406686431,-3940,748,15784,23,118,59
406689665,-3088,-744,16400,-144,-73,-337
406693284,-2244,1612,15696,-243,311,-357
406696928,-3156,1624,15512,-86,-3,116
406700311,-2908,844,15316,-32,250,20
406703608,-3772,1440,15860,28,86,264
406706904,-2712,-1012,16356,-286,435,-373
406710634,-3540,280,15760,-183,257,-306
406714216,-2756,2212,15968,-279,23,-377
406717748,-3252,808,15408,48,-72,79
406720958,-3684,1376,15108,77,-78,106
406724341,-3772,-1140,16532,92,-53,65
406727724,-2820,492,15784,-322,280,-375
406731281,-2200,400,16000,-117,18,-302
406734751,-2688,1224,15352,-121,194,5
406738138,-3296,1864,15692,-55,120,9
406741455,-3972,-1216,16644,-139,363,83
406744987,-3788,248,16048,44,115,206
406748284,-3084,-760,16508,-273,204,-417
406751927,-2992,1212,15480,-161,-4,-151
406755484,-2908,1312,15544,-12,-77,-120
406759041,-3644,-348,16404,61,-161,101
406762511,-3920,572,15692,-38,194,124
406765941,-2224,-268,15924,-136,333,-241
406769538,-3384,720,15880,-267,343,-131
406773094,-2596,-132,16016,-296,396,-390
406776738,-2748,1184,15252,-13,-21,12
406780156,-3064,2444,15808,-20,7,148
406783418,-4016,-1496,16400,23,-5,-14
406786801,-3352,736,15832,12,11,67
406789948,-2876,1076,15892,-182,7,-372
406793394,-2368,1816,15352,36,-160,-35
406796864,-3552,1160,15144,-46,79,124
406800247,-3356,-1104,16724,-89,242,-132
406803891,-3952,784,16108,56,136,237
406807187,-3044,-1216,16488,-326,390,-348
406810917,-3436,88,16008,-217,254,-317
406814412,-2820,2308,15720,-52,38,82
406817684,-3868,-1068,16184,84,-236,91
406821154,-3468,1408,15376,72,51,111
406824450,-3368,-1236,16524,-129,-109,-325
406828267,-2812,544,15680,-271,334,-324
406831824,-2356,188,15876,-101,30,-318
406835294,-2564,1340,15288,-112,237,-12
406838875,-2544,2028,15880,-40,230,22
406842234,-3972,-968,16568,-116,268,44
406845704,-4008,264,15984,80,175,220
406849001,-3132,-1052,16608,-290,70,-429
406852644,-3104,1500,15468,-135,50,-204
406856201,-2868,1224,15448,-60,-66,-144
406859758,-2432,1568,15548,72,-227,37
406863144,-3812,776,15520,-23,238,176
406866571,-2136,-408,16272,-197,268,-266
406870168,-3360,988,15896,-251,411,-78
406873637,-2516,1396,15908,-333,437,-379
406877281,-2728,1252,15156,-14,-40,-1
406880699,-3028,2364,15880,-53,114,126
406884134,-4044,-1436,16612,43,-65,-21
406887604,-3428,888,15780,51,61,67
406890752,-3160,-880,16424,-170,-94,-333
406894371,-2208,1844,15544,-305,335,-400
406898014,-3192,1768,15704,-94,-7,144
406901398,-3388,-928,16444,-91,190,24
406904781,-3760,1288,15592,58,149,223
406908164,-2760,-728,16252,-367,360,-389
406911808,-3516,360,15832,-77,250,-214
406915302,-2728,2016,15852,-300,54,-445
406918834,-3040,1204,15416,107,-104,156
406922391,-3584,1164,15136,-31,-69,-60
406925861,-3708,-728,16596,84,-155,55
406929244,-2812,228,15656,-326,435,-348
406932801,-2088,228,15740,-148,-60,-403
406936358,-2640,1364,15324,-236,383,-124
406940026,-2504,2052,15640,-95,117,-34
406943471,-3076,908,14992,58,-13,137
406946768,-3912,1420,15804,1,193,228
406950064,-3184,-1012,16724,-257,65,-432
406953708,-2980,1068,15668,-148,115,-140
406957351,-2816,1360,15716,-185,-79,-336
406960995,-2608,1592,15556,114,-136,77
406964513,-3304,1828,15440,-57,56,181
406967848,-3304,-1248,16804,-100,307,-224
406971578,-4276,780,16140,-12,238,176
406974961,-2348,-220,15788,-323,345,-454
406978605,-3316,804,15696,-50,145,-190
406982110,-3068,2132,15920,-306,123,-333
406985719,-3180,852,15328,107,-178,147
406989213,-3968,712,15652,65,-57,84
406992398,-3660,-1276,16684,-71,-124,-144
406996128,-2304,1064,15452,-160,357,-64
406999685,-2588,392,15944,-122,-51,-231
407003242,-2468,1408,15636,-304,327,-162
407006886,-2684,2208,15560,-7,136,134
407010269,-3568,176,15580,-12,35,125
407013590,-4076,848,16080,45,247,135
407016862,-2708,-104,16372,-307,56,-457
407020419,-2832,1412,15576,-102,26,-102
407023975,-3008,1636,15304,-131,-43,-288
407027619,-3200,972,15792,172,-184,162
407031089,-3956,92,15936,-56,136,205
407034385,-2832,-1096,16448,-194,185,-359
407038119,-4504,608,16304,-41,333,128
407041523,-2464,180,16080,-291,280,-392
407045056,-3012,1388,15148,-114,67,-242
407048612,-3264,2368,15600,5,73,301
407051822,-4080,-1980,16828,109,-142,127
407055466,-3904,680,15728,-10,137,-23
407058849,-2988,-204,16228,-127,-69,-254
407062492,-1980,1748,15312,-151,128,-260
407066237,-2868,1052,15992,-80,48,-100
407069606,-3168,304,15784,-43,228,58
407072902,-4316,544,16396,101,159,230
407076286,-3448,-1456,16908,-333,364,-262
407080016,-4072,436,16104,-25,247,-26
407083438,-2596,732,16184,-271,37,-315
407086869,-3320,736,15452,-29,-157,-36
407090364,-3108,1792,15172,57,12,69
407093549,-3480,-1220,16716,-52,-134,-150
407097279,-3820,20,15788,-176,413,-157
407100749,-2640,608,15824,-210,108,-357
407104306,-2472,1364,15528,-239,316,-145
407107949,-2392,1564,16036,-223,307,-212
407111593,-3664,-36,15592,24,88,193
407114827,-3960,628,16008,32,178,246
407118099,-4044,-1836,17044,-173,31,-304
407121743,-2784,1380,15532,-78,124,-61
407125213,-2832,548,15976,-141,-76,-330
407128769,-3172,808,15992,-50,-39,-120
407132239,-3448,1484,15384,-65,138,192
407135709,-2616,-1040,16572,-69,254,-51
407139291,-4172,364,16208,-106,366,36
407142649,-2564,972,16008,-394,431,-377
407146206,-2804,1304,15244,-62,63,-178
407149676,-3356,2452,15564,-128,109,-83
407153233,-3652,-428,15936,112,-130,163
407156790,-3496,1344,14956,101,23,101
407160173,-3344,-1032,16500,-114,-147,-273
407164037,-3064,352,15740,-275,373,-254
407167546,-3012,1092,15668,-180,103,-406
407171190,-2288,1812,15244,-134,179,-54
407174747,-2704,1948,15872,-58,250,42
407178130,-3964,-840,16376,-74,218,91
407181513,-3776,420,15924,64,178,232
407184845,-3468,-1284,16976,-270,85,-420
407188457,-2888,1500,15616,-170,30,-190
407192035,-2836,1316,15536,-97,-22,-157
407195567,-2468,1608,15508,95,-207,24
407198950,-3688,864,15520,-77,215,202
407202333,-2168,-532,15988,-120,311,-153
407205977,-3700,676,16168,-200,378,-105
407209534,-2488,-296,16068,-361,402,-397
407213181,-2944,1120,15228,4,-3,-72
407216411,-3608,1892,15632,-63,63,107
407219770,-3836,-1276,16416,69,-48,54
407223153,-3504,720,15672,-164,160,-158
407226710,-3144,-892,16484,-146,-104,-328
407230440,-2180,1800,15552,-287,345,-350
407234084,-3352,1632,15656,-117,14,93
407237467,-2664,1076,15352,-45,156,88
407240875,-3796,1244,15884,23,197,188
407244234,-2596,-736,16304,-167,311,-41
407247790,-3640,340,15816,-95,264,-185
407251260,-2904,1968,16128,-328,64,-440
407254817,-3036,1216,15408,98,-139,114
407258287,-3796,1076,15188,1,-61,-36
407261584,-3672,-992,16396,56,-111,-9
407265014,-2884,580,15696,-311,371,-300
407268523,-2400,-96,15872,-156,-50,-348
407272080,-2648,1424,15100,-270,417,-171
407275724,-2624,1796,15916,-116,153,-17
407279281,-2988,1064,15284,45,-3,107
407282577,-3876,1372,15936,-67,214,141
407286082,-3220,-908,16608,0,-54,-86
407289368,-3204,928,15684,-157,143,-177
407292900,-2728,1672,15664,-53,-156,-136
407296544,-2752,1404,15808,149,-142,105
407300101,-3692,824,15616,-124,72,156
407303484,-3376,-1280,16728,-77,289,-153
407307127,-3516,544,16100,-3,252,180
407310424,-2400,-168,15892,-346,335,-435
407314092,-2988,1160,15252,-99,239,-210
407317624,-3132,2312,15808,-37,-36,102
407321094,-3904,-1300,16456,130,-120,154
407324738,-3972,868,15632,68,-25,76
407327947,-3144,-708,16520,-36,-119,-121
407331591,-2080,1112,15560,-257,306,-326
407335234,-2568,460,16056,-110,-45,-255
407338816,-2972,1048,15368,-9,258,65
407342088,-2768,2204,15560,-44,150,130
407345558,-3900,-1484,16732,-180,348,-102
407349288,-4092,836,16100,1,267,104
407352498,-2656,-32,16188,-291,45,-452
407355968,-3060,1292,15224,-77,16,-115
407359437,-2852,1660,15340,12,-156,-40
407362908,-3844,-752,16492,152,-216,192
407366511,-3872,148,15724,-137,274,9
407369761,-2340,336,15668,-190,161,-391
407373318,-2772,1324,15752,-301,422,-133
407376961,-2544,628,15912,-301,282,-298
407380518,-3040,796,15168,56,84,124
407383727,-4044,1140,16092,-21,27,258
407387146,-4084,-1900,16828,-40,61,-183
407390692,-2888,1096,15564,-44,165,-46
407394138,-3032,-160,16224,-141,-121,-287
407397868,-2124,1532,15544,-133,164,-282
407401511,-3368,1768,15360,-69,-12,184
407404981,-3204,116,15864,13,279,70
407408191,-4432,732,16048,-62,205,145
407411574,-2468,-116,16176,-268,359,-182
407415242,-3060,864,15780,-151,207,-282
407418775,-3232,2444,15728,-187,-47,-234
407422418,-3524,72,15492,113,-41,149
407425715,-4004,748,15384,32,-101,59
407429011,-3524,-1276,16572,-8,-92,-156
407432568,-2144,1236,15412,-223,354,-138
407436211,-2616,720,15688,-72,-26,-184
407439706,-2780,768,15232,-234,369,-152
407443238,-2816,2244,15496,-15,67,197
407446621,-3828,-1584,17004,15,227,174
407450091,-3996,772,16252,8,139,67
407453214,-2784,132,16128,-273,146,-397
407456771,-2764,1460,15328,-90,-60,-122
407460328,-2880,1804,15184,49,-136,26
407463758,-3336,672,16200,177,-109,142
407467181,-3768,160,15880,-181,265,-34
407470651,-2644,-960,16464,-126,181,-325
407474295,-2744,1492,15704,-309,278,-201
407477938,-2460,872,15908,-197,268,-279
407481495,-3332,516,15464,-58,138,-137
407484965,-3524,2368,15584,25,5,276
407488213,-4072,-2096,16964,-130,146,-215
407491929,-3808,504,15884,-73,42,-100
407495288,-2908,196,16232,-116,-25,-294
407498845,-2124,1696,15524,-150,76,-198
407502402,-3168,1784,15216,-81,-58,-38
407505872,-3568,-380,16068,25,324,72
407509168,-4324,332,16312,-129,253,24
407512551,-3296,-1192,16668,-313,403,-273
407516306,-2912,956,15720,-129,283,-162
407519838,-2716,1568,15980,-124,-16,-133
407523482,-2872,1360,15620,30,-79,45
407526778,-3540,1516,15232,101,-111,113
407530335,-3460,-1372,16568,107,-39,99
407533805,-3396,208,15872,-262,279,-223
407537362,-2864,868,15892,-129,77,-350
407540856,-2336,1644,15344,-222,282,-93
407544388,-2740,1864,15740,-90,167,-76
407547859,-3960,-580,16152,-29,206,157
407551329,-4004,284,16156,-2,80,253
407554538,-3428,-1472,16688,-228,192,-427
407558269,-2756,1608,15428,-171,55,-175
407561825,-2892,1276,15792,-48,-91,-152
407565441,-2504,1540,15616,27,-72,8
407568592,-3488,1092,15160,-77,154,172
407572062,-2432,-600,16268,-81,364,-119
407575619,-3732,424,16060,-258,344,-149
407579175,-2672,1460,16056,-290,427,-382
407582819,-2884,1108,15336,-51,-27,-65
407586289,-2948,2200,15872,-34,2,82
407589541,-3976,-1152,16316,28,-28,52
407592882,-3348,612,15688,-79,42,-113
407596265,-3228,-844,16408,-147,30,-288
407599822,-2136,1836,15540,-22,-148,-123
407603465,-3408,1616,15612,-27,68,100
407606849,-3444,-912,16448,-57,241,-61
407610319,-3764,1332,15644,70,125,218
407613726,-2832,-796,16308,-389,420,-380
407617345,-3496,368,15844,-116,174,-190
407620902,-3000,2028,15988,-221,113,-385
407624546,-3160,1180,15468,31,-194,115
407628016,-3724,1164,15452,29,-102,-40
407631486,-3724,-812,16412,22,-83,11
407634782,-3000,360,15544,-226,326,-291
407638342,-2312,32,15872,-178,110,-337
407641833,-2528,1588,15224,-337,341,-226
407645452,-2656,2056,15644,-1,209,72
407648749,-4072,-1196,16648,-127,274,31
407652306,-3876,1332,15996,54,167,196
407655689,-3108,-836,16492,-271,132,-414
407659332,-3036,904,15408,-118,-20,-183
407662889,-2840,1608,15440,-139,-17,-318
407666581,-2736,1400,15576,97,-221,90
407669916,-3576,628,15480,-49,41,176
407673212,-3280,-1144,16780,-177,303,-197
407676942,-4180,356,16212,-40,202,127
407680326,-2348,332,15856,-336,427,-399
407683883,-2996,1084,15040,-103,86,-224
407687439,-3128,2436,15820,12,46,185
407690778,-4148,-1736,16608,92,-77,205
407694206,-4016,556,15752,51,43,35
407697329,-2908,-336,16276,-199,-9,-352
407700886,-2132,1284,15468,-247,121,-334
407704529,-3104,1852,15436,-88,129,173
407707999,-3156,384,15424,-22,143,104
407711382,-4140,1148,15884,28,260,173
407714790,-2888,-652,15992,-183,325,-52
407718322,-3176,324,15820,-184,241,-355
407721879,-2648,1292,15884,-266,76,-331
407725436,-3472,208,15596,169,-174,177
407728906,-3096,1860,15440,15,-22,29
407732202,-3640,-1280,16580,-14,-127,-73
407735846,-3872,-136,15920,-131,362,-64
407739427,-2508,680,15904,-160,-45,-268
407742959,-2544,1616,15660,-260,278,-100
407746603,-2784,2144,15540,-174,346,-221
407750246,-3392,352,15840,14,43,136
407753456,-4108,652,16216,77,104,345
407756753,-4040,-1980,17040,-170,95,-341
407760396,-2800,1472,15436,-50,74,-57
407763828,-2880,412,16144,-150,-70,-320
407767336,-3192,712,16044,164,-191,180
407770806,-3352,1672,15144,-101,158,146
407774363,-2792,-1192,16688,-39,251,-1
407777833,-4364,188,16560,-126,350,15
407781216,-2504,768,15884,-221,263,-322
407784773,-2908,832,15308,-63,112,-215
407788246,-3312,2560,15576,-7,18,276
407791581,-3724,-368,15768,132,-107,173
407795096,-3904,740,15764,-72,119,-80
407798479,-3008,-408,16416,-84,-137,-215
407802123,-2124,1440,15480,-180,194,-305
407805766,-2840,1196,15912,-79,-30,-114
407809323,-3300,24,15916,-139,190,-21
407812706,-3112,1928,15476,4,185,191
407816027,-3340,-1232,16740,-271,356,-232
407819733,-4100,284,16140,-42,294,-39
407823116,-2516,1024,16036,-236,10,-316
407826673,-2792,1588,15492,17,-105,-1
407830056,-3272,1680,14868,43,-70,44
407833353,-3528,-1224,16628,162,-210,155
407836996,-3632,-80,15948,-261,432,-205
407840578,-2264,-568,16172,-191,33,-441
407844110,-2420,1512,15652,-230,431,-101
407847753,-2640,1460,15784,-195,204,-169
407851397,-2848,1256,15384,17,17,-46
407854693,-3628,2024,15420,-1,132,265
407858076,-3688,-1768,16768,47,-64,29
407861460,-3616,608,15856,-126,160,-127
407865065,-3004,548,16076,-157,-78,-301
407868573,-2216,1704,15540,-10,-16,-101
407872130,-3496,1272,15296,-82,52,55
407875427,-3564,-760,16432,-62,261,-8
407878810,-4268,244,16432,-230,436,-59
407882280,-2620,-660,16288,-333,341,-392
407885923,-2972,1136,15424,-35,132,-105
407889503,-2812,2068,16036,-128,8,-42
407892898,-3720,-684,15860,150,-19,136
407896333,-3556,1324,15164,37,26,87
407899543,-3372,-1172,16600,-94,-138,-252
407903273,-2852,244,15580,-331,459,-361
407906830,-3000,1416,15600,-23,-114,23
407910300,-2432,1488,15372,-70,235,17
407913708,-3412,1760,15300,5,120,215
407916980,-3040,-1292,16440,-48,210,71
407920450,-3868,360,16048,-52,248,-78
407923833,-2704,1204,16212,-278,40,-420
407927390,-2848,1544,15528,13,-62,14
407930686,-3464,1456,15216,82,-113,107
407934156,-3672,-340,16704,143,-97,122
407937626,-3052,28,15804,-304,353,-273
407941121,-2188,-356,16060,-135,-1,-424
407944653,-2160,1776,15336,-202,317,-67
407948210,-2648,1608,15980,-157,148,-121
407951853,-3788,-244,16028,32,43,26
407955063,-3656,1968,15516,33,93,277
407958360,-3460,-1548,16800,-197,123,-413
407962090,-3400,984,15572,-167,110,-138
407965696,-2876,768,15896,-128,-116,-275
407969290,-2232,1888,15648,-15,19,-105
407972760,-3580,1136,15500,-45,-56,164
407976230,-3672,-1324,16736,-73,358,-89
407979787,-3780,480,16044,-35,184,143
407983170,-2696,-604,16112,-283,375,-360
407986813,-2984,1132,15480,-154,273,-237
407990480,-2876,2292,15840,-97,-40,19
407993876,-3096,1096,15252,130,-118,177
407997397,-3788,1008,15468,70,-67,86
408000694,-3032,-1064,16388,42,-90,-27
408004164,-2712,552,15712,-299,308,-314
408007720,-3108,1496,15808,-124,-38,-334
408011364,-2724,1452,15248,-96,236,57
408014772,-2772,1852,15716,-96,159,17
408018130,-4036,-1104,16544,-42,329,88
408021600,-3744,140,15960,23,158,199
408024897,-2984,-600,16496,-254,84,-470
408028454,-3008,1384,15448,-160,93,-156
408032010,-2936,1648,15428,-23,-166,-97
408035567,-3664,-672,16596,151,-111,92
408039062,-3680,616,15572,-128,176,90
408042420,-2160,-244,15852,-71,210,-203
408045977,-3144,944,15892,-348,375,-248
408049534,-2640,1948,15688,-269,293,-362
408053177,-3048,816,15388,-19,69,61
408056387,-3756,1628,15764,-39,-34,142
408059857,-4136,-1764,16724,6,112,-27
408063244,-3332,864,15644,-155,33,-196
408066813,-2976,-432,16280,-115,-30,-312
408070354,-2544,1608,15576,-240,244,-325
408073997,-3336,1824,15468,-68,52,169
408077381,-3364,-1256,16644,15,263,128
408080851,-4108,824,16012,18,152,109
408084147,-2576,-324,16080,-321,455,-367
408087790,-3276,496,15844,-116,139,-262
408091375,-2968,2308,15832,-266,54,-384
408094943,-3212,932,15376,90,-99,187
408098200,-3968,644,15708,70,-192,15
408101497,-3724,-760,16556,-3,-2,-59
408104794,-2296,708,15640,-287,206,-374
408108350,-3252,1960,15604,-108,54,-267
408111907,-2892,864,15428,-31,110,52
408115228,-3872,1216,16000,-38,145,125
408118674,-3844,-1432,16740,-163,346,-42
408122317,-3464,412,15756,-11,141,136
408125700,-2780,-252,16224,-276,164,-402
408129344,-2756,1480,15472,-141,-52,-146
408132987,-2912,1724,15212,50,-57,7
408136197,-3788,-884,16720,134,-182,190
408139778,-3776,136,15816,-104,292,16
408143137,-2340,352,15672,-197,282,-353
408146694,-2628,1212,15892,-275,311,-178
408150337,-2556,696,15900,-225,361,-275
408153894,-3204,776,15308,6,15,112
408157017,-3996,1092,15852,25,36,224
408160314,-4156,-1896,16968,-114,8,-154
408163919,-2956,948,15612,-131,49,-176
408167340,-3008,-40,16248,-137,-17,-338
408170897,-2704,1524,15756,124,-256,133
408174454,-3432,1612,15228,-61,146,246
408177924,-3096,-1196,16660,-65,233,48
408181394,-4176,568,16180,-15,275,101
408184777,-2380,340,15860,-350,342,-388
408188337,-3088,820,15496,-86,76,-232
408191740,-3152,2492,15672,-55,63,146
408195135,-3380,384,15480,149,-154,196
408198570,-4048,408,15816,17,120,19
408201780,-2912,-208,16248,-177,-114,-351
408205510,-1936,1332,15572,-164,163,-267
408209154,-2716,844,15992,-130,22,-155
408212624,-3188,580,15644,6,200,120
408215858,-4088,616,16264,0,167,178
408219043,-3568,-1416,16864,-274,343,-196
408222773,-3192,584,15776,2,250,37
408225896,-3068,2336,15812,-251,-3,-362
408229453,-3296,808,15444,131,-116,192
408232923,-3988,768,15548,50,-39,29
408236133,-3812,-1052,16480,-28,-126,-95
408239801,-2272,984,15700,-190,384,-132
408243333,-2688,728,15788,-135,-71,-218
408246890,-3216,804,15488,-229,290,-113
408250447,-2796,2196,15332,-78,179,96
408253830,-3836,-1528,16704,32,71,184
408257213,-4348,624,16044,9,240,129
408260423,-2884,76,16276,-263,13,-413
408263855,-2752,1324,15516,-58,49,-131
408267276,-2992,1788,15420,33,-190,6
408270573,-3756,-1124,16468,183,-161,187
408274216,-3792,116,15972,-152,239,-13
408277686,-2220,396,15620,-185,170,-344
408281243,-2568,1416,15648,-274,369,-147
408284887,-2592,680,16148,-284,232,-334
408288467,-3040,820,15232,23,136,155
408291740,-3320,2424,15372,18,-35,317
408295162,-4092,-2004,16936,-78,83,-257
408298680,-2904,1316,15536,-110,130,-62
408302237,-2900,84,16076,-122,-71,-293
408305707,-1996,1668,15508,-126,123,-234
408309350,-3196,1756,15256,-84,48,212
408312733,-3572,-340,16088,23,277,51
408316054,-4132,492,16300,-98,231,54
408319326,-2688,432,15864,-267,360,-335
408322883,-3020,796,15736,-121,175,-226
408326440,-3204,2576,15632,-224,-12,-217
408330083,-3516,-12,15600,133,-27,176
408333466,-4048,780,15964,45,-100,91
408336763,-3464,-1296,16548,-49,-36,-198
408340431,-2000,1496,15428,-257,372,-221
408344050,-2968,1016,15832,-84,-29,-111
408347607,-2372,1556,15344,-158,318,-83
408351164,-2872,1964,15480,30,76,179
408354460,-3536,-1380,16692,0,233,137
408357843,-4116,192,16064,-42,201,-5
408361140,-2684,832,16108,-222,104,-315
408364745,-2804,1552,15436,-43,-73,-64
408368167,-3132,1744,15152,94,-113,92
408371550,-3616,20,16216,142,-69,176
408374846,-3600,-36,15804,-227,323,-142
408378403,-2772,648,15812,-156,117,-406
408381960,-2524,1652,15732,-255,278,-146
408385603,-2704,1336,15856,-168,229,-152
408389270,-3516,112,15568,-10,124,-78
408392630,-3620,2088,15632,39,48,300
408395962,-3864,-1972,17056,-209,182,-310
408399657,-3564,612,15672,-145,50,-164
408403127,-2972,588,16100,-88,-88,-301
408406597,-2208,1808,15548,-73,-88,-88
408410067,-3268,1408,15080,-68,23,61
408413367,-3440,-744,16320,-50,339,-26
408416858,-4108,440,16288,-206,317,-36
408420303,-2936,-1016,16236,-330,476,-353
408424034,-3008,1172,15356,-140,183,-188
408427677,-2928,1824,16024,-116,50,-91
408431147,-3640,-540,15916,56,-144,110
408434617,-3576,964,15292,99,-60,101
408437914,-3160,-912,16544,-148,-4,-300
408441495,-2944,356,15616,-278,263,-305
408445027,-3240,1572,15708,-142,78,-349
408448584,-2488,1512,15164,-113,175,16
408452054,-3236,1664,15532,-111,194,-56
408455610,-4184,-668,16392,-39,267,170
408459081,-3636,-232,16100,9,175,175
408462377,-2840,-216,16384,-277,140,-467
408466069,-3000,1052,15552,-119,-8,-103
408469577,-2756,1392,15732,-16,-26,-175
408473134,-2856,1736,15656,107,-188,141
408476691,-3804,268,15544,-76,223,110
408480074,-3244,-1344,16708,-171,324,-321
408483804,-2844,1008,15832,-111,234,74
408487274,-2680,156,15988,-267,361,-332
408490854,-2840,1172,15192,-174,136,-272
408494475,-2988,2524,15512,1,-3,205
408497719,-4232,-1776,16756,-73,49,-123
408501241,-3892,784,15624,-16,17,6
408504364,-3116,-256,16340,-148,-11,-346
408508008,-2004,1396,15316,-225,123,-259
408511651,-3308,1748,15472,-70,128,148
408515146,-3188,468,15700,-65,203,46
408518418,-3944,1124,15836,66,202,224
408521801,-2684,-656,15972,-208,435,-11
408525358,-3188,468,16084,-184,140,-367
408528914,-2392,1372,15936,-220,55,-240
408532471,-3480,56,15672,105,-191,171
408535854,-3128,2040,15072,49,-77,20
408539175,-3612,-1368,16656,-53,-57,-137
408542794,-2316,1108,15524,-198,295,-135
408546438,-2648,700,15940,-126,62,-252
408549908,-2480,1444,15632,-271,252,-153
408553551,-2616,2140,15632,-211,276,-241
408557195,-3440,600,15472,19,66,236
408560405,-4248,64,16160,12,240,86
408563588,-2576,656,16180,-231,191,-395
408567084,-2972,1276,15460,-37,-125,-62
408570641,-2892,1852,15416,-127,-1,-318
408574198,-3128,984,16036,162,-264,194
408577668,-3984,-104,15828,-15,121,221
408581138,-2656,-960,16488,-222,175,-368
408584781,-4284,420,16376,-133,290,47
408588168,-2544,824,16060,-266,390,-329
408591745,-2960,1160,15592,-58,-12,-155
408595278,-3444,2372,15656,6,129,238
408598610,-4040,-1852,16900,101,-114,169
408602218,-3948,544,15784,-16,134,-46
408605601,-2960,28,16252,-136,-44,-281
408609071,-2000,1544,15528,-137,61,-225
408612628,-3012,1188,15964,-120,135,-31
408616209,-3364,128,15872,40,145,90
408619395,-4272,540,16388,46,197,211
408622691,-3360,-1288,16732,-290,351,-274
408626421,-3240,804,15584,-35,230,-32
408629805,-2600,1104,16100,-239,65,-260
408633361,-3420,388,15448,-8,-179,-6
408636658,-3072,1564,15068,47,-9,46
408639892,-3448,-1096,16560,-41,-121,-126
408643598,-3720,-224,16016,-210,422,-186
408647241,-2956,1176,15808,-251,91,-484
408650798,-2432,1616,15520,-150,295,-53
408654355,-2796,2076,15508,-182,288,-165
408657998,-3692,44,15832,3,95,188
408661035,-4068,408,16140,-45,278,19
408664380,-2668,500,16176,-209,42,-348
408667801,-2820,1348,15504,-66,12,-79
408671184,-3024,1740,15144,-111,-85,-280
408674828,-3324,576,16112,211,-154,194
408678298,-3840,-16,15836,-104,157,224
408681768,-2552,-924,16116,-168,116,-374
408685411,-3996,608,16384,-173,394,1
408688731,-2576,976,15904,-254,250,-289
408692265,-3420,404,15372,2,58,-108
408695474,-3460,2184,15676,-35,53,244
408698893,-4012,-1796,16980,-71,112,-225
408702501,-3916,292,16044,-118,137,-121
408706058,-2812,540,16056,-149,-75,-298
408709615,-2120,1572,15580,-81,79,-183
408713088,-3184,1992,15240,-123,12,-24
408716579,-3452,-524,15952,0,265,68
408719764,-4128,596,16440,-161,272,15
408723148,-2528,500,15996,-318,353,-267
408726704,-3000,1020,15624,-93,145,-204
408730261,-2664,1388,16048,-165,-43,-169
408733905,-3624,120,15772,132,-1,152
408737201,-3528,1464,15088,83,-86,103
408740609,-3424,-1064,16488,-76,-19,-204
408744228,-3460,72,15860,-284,379,-206
408747698,-2980,1140,16012,-53,-54,-79
408751168,-2580,1528,15404,-169,346,-43
408754725,-2760,2092,15380,23,61,157
408758021,-3624,-1524,16804,32,218,170
408761491,-3820,292,16360,-60,215,-80
408764923,-2584,956,15984,-205,85,-417
408768344,-2804,1500,15420,-58,-80,-52
408771814,-3072,1768,15036,-78,-119,-183
408775458,-3592,40,16224,157,-59,173
408778754,-3780,20,16076,-224,288,-147
408782224,-2204,-496,16168,-186,172,-390
408785868,-2572,1432,15600,-223,346,-43
408789448,-2584,1552,16060,-166,250,-192
408793068,-2804,1288,15260,-24,88,-58
408796451,-3612,2064,15548,36,35,288
408799783,-3736,-1804,17076,104,43,123
408803218,-3616,552,15660,-137,63,-153
408806688,-2860,660,15948,-147,-82,-331
408810245,-2204,1840,15456,-37,-65,-98
408813739,-3324,1404,15136,-63,-2,64
408817011,-3464,-700,16436,-58,369,-28
408820481,-4188,152,16504,-179,326,-29
408823951,-2804,-796,16224,-338,470,-391
408827594,-2824,1264,15376,-44,-3,-123
408831065,-2736,1908,15840,-128,36,-61
408834535,-3684,-504,15852,107,-90,164
408838008,-3596,1192,15156,99,-49,101
408841412,-3268,-1084,16476,-159,-2,-345
408845031,-2856,520,15692,-274,267,-280
408848588,-3056,1184,15952,-110,9,-325
408852058,-2432,1484,15356,-160,188,-41
408855615,-3040,1988,15620,-109,147,-38
408859172,-4148,-764,16340,-44,304,209
408862641,-3828,16,16032,-1,130,185
408865900,-2944,-548,16460,-249,127,-427
408869495,-2976,1080,15376,-161,17,-143
408873052,-2868,1444,15816,-32,-70,-187
408876608,-3796,-368,16404,84,-155,104
408880078,-3680,528,15584,-50,175,120
408883462,-2148,-100,15956,-141,399,-242
408887105,-3496,712,15912,-282,306,-70
408890598,-2520,1648,15948,-294,437,-406
408894218,-2888,1120,15296,-5,-58,27
408897515,-3824,1672,15796,-11,9,162
408900847,-4080,-1512,16756,-17,42,-27
408904281,-3500,676,15656,-97,38,-111
408907665,-3244,-808,16344,-149,30,-312
408911222,-2412,1732,15536,23,-203,-60
408914716,-3228,1784,15520,-62,101,106
408918162,-3576,-1100,16484,-47,230,-99
408921718,-3728,1212,16120,62,159,197
408925102,-2632,-600,16164,-397,427,-397
408928745,-3584,364,15780,-103,144,-196
408932302,-2776,2104,15920,-294,191,-445
408935945,-3064,1116,15412,109,-253,154
408939527,-2976,1632,15296,25,-102,1
408942799,-3732,-960,16564,22,-128,0
408946095,-2732,468,15588,-272,372,-354
408949652,-2344,216,15740,-153,50,-359
408953122,-2656,1344,15404,-77,152,49
408956505,-2456,2228,15672,-64,238,28
408959888,-4256,-1280,16584,-57,182,86
408963362,-3584,392,16108,24,250,196
408966704,-2944,-820,16500,-284,65,-455
408970212,-2860,1572,15460,-137,27,-185
408973768,-2972,1524,15596,-46,-108,-72
408977325,-3728,-520,16304,116,-238,120
408980882,-3664,632,15824,-93,256,136
408984265,-2352,-232,16132,-165,222,-293
408987912,-3176,1076,15980,-274,414,-124
408991575,-2540,8,15876,-334,355,-362
408994935,-3016,1176,15148,29,-11,32
408998232,-3896,1584,15664,-53,79,176
409001650,-4224,-1740,16640,19,-50,-39
409005085,-3188,940,15740,21,135,76
409008295,-3232,-772,16520,-161,-113,-308
409012025,-2288,1856,15552,-286,263,-378
409015693,-3276,1924,15468,-74,22,198
409019052,-3484,-1368,16684,-32,142,58
409022522,-3844,1136,15848,20,241,143
409025905,-2624,-636,16120,-374,367,-388
409029549,-3284,480,15836,-88,271,-244
409033019,-2920,2192,15856,-280,31,-382
409036575,-3236,768,15444,117,-124,155
409040070,-3756,1120,15492,-26,-53,-39
409043515,-3644,-1072,16608,51,-119,12
409046985,-2636,588,15412,-128,348,-15
409050455,-2292,424,15704,-130,-60,-293
409054012,-2748,1244,15248,-251,335,-137
409057656,-2532,2280,15696,-75,136,47
409061039,-4168,-1244,16796,50,-14,142
409064611,-4036,1032,15964,-34,245,151
409067979,-2968,-592,16396,-70,15,-166
409071449,-2980,1000,15432,-123,79,-176
409075006,-2892,172,16144,-174,-77,-365
409078562,-2824,1212,15776,158,-192,132
409082119,-3232,1852,15516,-88,122,178
409085589,-3040,-1208,16624,-133,220,-250
409089343,-4156,900,16204,-5,297,157
409092616,-2612,-244,15968,-343,323,-415
409096259,-2880,904,15604,-138,203,-321
409099816,-3224,2436,15608,-170,65,-185
409103412,-3576,-256,15824,118,-137,135
409106930,-3168,1888,15060,37,26,23
409110139,-3652,-1336,16636,-3,-182,-155
409113807,-2092,1352,15480,-234,419,-215
409117426,-2692,944,15768,-73,-87,-145
409120896,-2412,1396,15488,-210,228,-125
409124540,-2672,2292,15428,-7,142,169
409127923,-3744,-328,15924,31,65,184
409131220,-4072,656,16100,-27,305,25
409134516,-2620,400,16116,-241,27,-358
409137989,-2920,1424,15492,-66,-7,-85
409141394,-2900,1784,15156,16,-151,7
409144666,-3692,-1168,16472,170,-179,167
409148309,-3868,12,16020,-219,283,-64
409151692,-2424,644,15744,-227,147,-421
409155249,-2772,1456,15672,-262,371,-136
409158893,-2620,1024,15960,-230,253,-240
409162536,-3336,456,15456,-33,44,-124
409165968,-3480,2364,15408,-22,87,293
409169303,-4080,-2044,16960,-56,61,-231
409172860,-3824,568,15912,-113,162,-63
409176330,-3004,128,16216,-105,-134,-310
409179973,-2032,1572,15476,-106,109,-201
409183617,-3468,1580,15328,-67,-18,11
409187000,-3404,-344,16044,17,285,2
409190233,-4284,724,16252,-64,211,179
409193593,-3588,-1664,16608,-313,403,-246
409197323,-2852,1156,15624,-104,152,-248
409200967,-2556,1864,15592,-163,-39,-108
409204645,-2864,1160,15552,78,-98,56
409207907,-3340,1932,15064,28,-115,61
409211290,-3476,-1504,16576,165,-182,137
409214958,-3580,0,15872,-258,426,-259
409218317,-2864,940,15844,-183,10,-414
409221787,-2680,1504,15544,-189,344,-90
409225343,-2864,2092,15312,-136,173,-100
409228987,-3704,-468,16028,12,226,158
409232370,-3928,560,16084,-23,141,216
409235753,-3564,-1668,16768,-149,93,-320
409239421,-2884,1368,15592,-158,167,-173
409243040,-2968,864,15720,-98,-122,-218
409246597,-2304,1704,15436,4,-17,-56
409249894,-3404,1416,15268,-69,17,177
409253277,-2532,-820,16328,-43,336,-69
409256747,-3876,344,16284,-212,323,-97
409260217,-2392,1312,15976,-348,387,-385
409263909,-2852,1096,15180,-52,90,-67
409267244,-3508,2256,15752,-114,-32,-46
409270800,-3824,-704,15968,99,22,123
409274097,-3744,388,15696,73,-14,72
409277307,-3360,-1060,16508,-92,-57,-294
409280950,-1968,1788,15392,-110,14,-159
409284507,-3244,1244,15804,-39,-38,9
409287803,-3576,-436,16328,-55,325,14
409291210,-4484,324,16348,61,54,285
409294396,-3036,-1300,16468,-343,486,-398
409298127,-2896,1172,15360,-102,187,-135
409301770,-2752,1348,15932,-135,26,-175
409305362,-2920,1328,15548,-8,-53,16
409308623,-3360,1516,15064,71,-96,117
409312007,-3600,-1252,16484,126,-39,108
409315588,-3292,-60,16048,-254,316,-239
409319120,-2928,1136,15740,-145,100,-402
409322764,-2556,1572,15412,-192,178,-62
409326320,-2428,2016,15828,-102,181,-37
409329877,-4004,-760,15892,32,74,52
409333087,-4056,504,16204,81,52,277
409336297,-3508,-1556,16864,-268,184,-403
409340051,-2788,1528,15208,-168,29,-165
409343584,-2812,992,15788,-55,-51,-202
409347054,-3740,8,16316,39,-138,3
409350090,-3388,1200,15252,-93,134,150
409353560,-2320,-816,16136,-211,139,-371
409357203,-4028,228,16276,-206,335,-80
409360673,-2516,1536,16100,-176,306,-184
409364365,-2796,1240,15276,-75,-4,-66
409367700,-3624,2136,15584,97,106,262
409371083,-3960,-1064,16200,45,49,76
409374380,-3568,656,15656,-96,103,-111
409377850,-2796,304,16072,-68,-26,-298
409381320,-2060,1732,15560,-133,-38,-156
409384963,-3260,1468,15848,-18,-19,51
409388350,-3464,-596,16048,-48,271,-37
409391840,-4224,444,16400,71,77,225
409395026,-3200,-1084,16336,-414,506,-347
409398756,-2960,944,15368,-80,162,-160
409402227,-2632,1744,16032,-152,116,-145
409405905,-2896,1392,15348,25,-182,83
409409253,-3440,1424,14960,136,-4,127
409412637,-3228,-1120,16556,44,-111,30
409416131,-3268,268,15884,-259,357,-226
409419663,-3016,1036,16000,-151,88,-338
409423220,-2392,1564,15168,-184,230,-102
409426864,-2528,2164,15896,-67,215,-18
409430334,-4060,-756,16144,-53,164,139
409433803,-3876,1600,15820,58,111,245
409437187,-3268,-1448,16812,-263,101,-406
409440942,-3288,732,15480,-141,24,-181
409444387,-3052,1052,15992,-93,-44,-205
409447944,-2340,1660,15664,1,-166,-45
409451327,-3480,1228,15176,-42,176,174
409454797,-3492,-1380,16632,-110,315,-159
409458527,-3972,684,16000,10,94,202
409461737,-2928,-964,16272,-287,462,-402
409465429,-2760,1484,15212,-194,224,-314
409469024,-2916,2256,15692,-13,17,99
409472321,-4004,-1084,16264,22,-30,7
409475617,-3736,1104,15400,78,12,101
409478913,-3184,-1236,16444,-158,-23,-376
409482644,-2720,788,15572,-286,269,-368
409486201,-3076,1360,15820,-60,76,61
409489520,-3564,-524,16176,-109,167,28
409492967,-3340,1676,15640,92,145,243
409496350,-3160,-1148,16616,-108,313,85
409499907,-3628,324,15924,-97,220,-178
409503377,-2852,1668,15924,-270,169,-451
409507055,-2864,1264,15476,49,-196,80
409510404,-3524,1680,15224,-37,-42,-135
409513985,-3672,-372,16404,125,-184,122
409517517,-3812,396,15540,-51,191,135
409520901,-2280,-220,16088,-187,106,-405
409524544,-3292,828,15968,-258,300,-142
409528101,-2564,1836,15872,-134,284,-116
409531744,-2812,1164,15208,19,-45,4
409534954,-3672,1716,15492,32,210,280
409538341,-3456,-1488,16788,4,-29,3
409541572,-3240,720,15804,-147,93,-188
409545017,-2892,1180,15656,-95,-123,-184
409548661,-2444,1636,15624,31,-180,35
409552044,-3400,1404,15336,-65,222,160
409555514,-3480,-988,16364,-70,215,-90
409558984,-3896,584,16320,-173,400,-18
409562454,-2996,-928,16316,-376,418,-379
409566158,-2736,1428,15524,-165,199,-292
409569741,-2900,2200,15828,-87,75,81
409573037,-3972,-1056,16160,75,-65,35
409576421,-3608,1400,15340,49,73,99
409579630,-3240,-1220,16596,-142,-131,-306
409583447,-2740,476,15680,-303,401,-373
409587004,-3032,1560,15932,-123,-14,-326
409590671,-2836,1088,15536,-97,225,23
409594031,-3220,1812,15612,-111,255,-31
409597588,-4008,-988,16548,-62,198,125
409601058,-3588,256,15892,53,263,182
409604354,-3112,-848,16592,-280,35,-451
409607946,-2880,1368,15548,-131,32,-147
409611468,-2932,1312,15524,-55,-69,-140
409615049,-3632,-320,16296,103,-253,59
409618494,-3636,792,15632,-108,243,134
409621964,-2276,-292,15908,-142,187,-211
409625608,-3312,748,16020,-277,422,-141
409629165,-2548,280,15948,-372,379,-368
409632721,-2976,1048,15340,54,-7,22
409635931,-3616,1788,15612,-60,106,143
409639426,-4184,-1552,16572,73,-78,-2
409642784,-3284,808,15760,-194,161,-160
409646341,-3100,-516,16332,-144,-153,-369
409650071,-2280,1056,15404,-230,252,-298
409653715,-3488,1740,15792,-83,-21,105
409657185,-2852,840,15460,-33,154,106
409660568,-4016,792,15980,59,238,177
409663913,-2480,-368,16108,-220,325,-87
409667421,-3344,372,15792,-72,241,-203
409670891,-2932,2120,15856,-305,115,-425
409674535,-3144,1204,15460,146,-205,194
409678092,-3092,1740,15420,13,-55,9
409681301,-3736,-1060,16556,22,-116,-90
409684858,-2672,600,15640,-80,292,10
409688158,-2428,148,15812,-163,-2,-327
409691652,-2640,1352,15108,-38,239,40
409695008,-2740,2148,15684,-81,172,54
409698391,-4112,-1232,16844,-98,266,30
409701861,-3632,112,15764,6,286,172
409705071,-2932,-660,16268,-255,16,-421
409708663,-2892,1412,15608,-126,91,-152
409712184,-2832,1664,15464,-44,-154,-93
409715766,-3756,-712,16436,140,-220,147
409719298,-3824,624,15520,-105,231,86
409722681,-2244,-244,15868,-152,189,-242
409726325,-3184,800,16016,-286,433,-138
409729881,-2592,184,16096,-367,310,-354
409733438,-2868,1116,15384,56,49,29
409736648,-3816,1548,15644,-64,56,187
409740056,-4260,-1628,16740,41,-15,-51
409743501,-3132,884,15604,-18,165,22
409746797,-3132,-608,16316,-152,-89,-326
409750441,-2440,1676,15636,81,-105,20
409753824,-3364,1832,15512,-127,0,151
409757208,-3344,-1088,16548,-50,364,-180
409760851,-4008,1000,16020,27,163,187
409764283,-2792,-452,16128,-360,388,-419
409767878,-3200,672,15840,-102,247,-238
409771434,-3004,2208,15864,-275,-5,-334
409774991,-3144,856,15484,149,-88,150
409778375,-3844,940,15564,14,-98,-1
409781584,-3060,-900,16500,30,-114,-35
409785054,-2240,780,15548,-308,321,-335
409788634,-2584,468,15936,-91,-88,-257
409792081,-2748,1052,15328,-78,277,-4
409795464,-3508,1800,15624,-103,93,9
409798761,-4272,-1324,16632,-67,360,137
409802318,-3412,148,15912,-45,253,79
409805614,-2752,156,16104,-243,32,-369
409809119,-3220,716,15584,50,-126,108
409812467,-3404,1628,15276,-65,-91,-108
409816049,-3916,-796,16540,98,-60,138
409819407,-3052,264,15808,-157,256,-9
409822790,-2264,300,15828,-115,15,-328
409826261,-2584,1332,15364,-359,404,-145
409829904,-2692,2012,15876,-53,189,-10
409833374,-4048,-936,16436,20,55,98
409836584,-4060,1236,15820,59,89,228
409839905,-3232,-1012,16584,-300,171,-456
409843611,-2972,1140,15572,-153,6,-174
409847080,-2872,1336,15564,-43,-57,-172
409850637,-2628,1776,15740,53,-212,69
409854021,-3576,796,15468,-51,208,135
409857404,-3272,-1328,16724,-138,332,-251
409861134,-3736,664,16192,41,146,218
409864479,-2752,-688,16100,-346,461,-362
409868074,-2664,1760,15108,-196,207,-368
409871718,-3104,2516,15600,73,22,239
409875014,-4116,-1756,16484,-37,-7,-97
409878484,-3812,1108,15608,-2,3,82
409881607,-3120,-1136,16432,-145,-6,-354
409885251,-2212,1808,15356,-294,231,-410
409888917,-3268,1580,15816,-56,80,107
409892277,-3016,1000,15260,-68,201,70
409895661,-3632,1212,15992,102,163,187
409899131,-2712,-668,16132,-197,356,-39
409902687,-3488,324,15876,-97,194,-164
409906157,-2940,1992,15908,-286,159,-427
409909836,-3060,1228,15264,97,-231,114
409913274,-2900,1704,15240,33,-57,-43
409916679,-3812,-984,16372,10,-140,22
409920037,-2848,396,15768,-93,228,56
409923334,-2152,152,15804,-153,24,-325
409926804,-2700,1344,15248,-74,221,27
409930187,-2540,1904,15932,-109,302,-62
409933744,-4020,-860,16400,-48,168,136
409937214,-3992,1192,15856,42,250,178
409940622,-3076,-700,16568,-256,65,-417
409944154,-3028,932,15424,-100,21,-145
409947624,-2760,1704,15472,-65,-121,-125
409951267,-2756,1484,15588,123,-253,85
409954737,-3416,888,15392,-76,276,143
409958121,-3252,-1148,16556,-114,171,-158
409961851,-3412,684,15988,-20,218,144
409965283,-2548,184,15876,-361,386,-405
409968791,-2744,1092,15104,-124,102,-237
409972434,-3140,2348,15860,-62,74,126
409975818,-4164,-1440,16612,97,-142,181
409979374,-3936,792,15864,68,55,74
409982497,-3092,-628,16476,-192,-44,-366
409986141,-2192,1212,15492,-194,141,-316
409989808,-3320,1656,15764,-86,77,-171
409993254,-3020,860,15500,-57,145,75
409996551,-4004,864,16000,25,234,203
409999847,-2576,-424,16180,-231,318,-86
410003404,-3368,376,15932,-88,245,-219
410006874,-2716,96,16048,-304,124,-397
410010379,-3188,1148,15292,115,-199,173
410013925,-2976,1764,15316,32,-21,-9
410017197,-3792,-1060,16600,14,-136,3
410020581,-2584,540,15748,-93,316,27
410023877,-2480,300,15932,-130,-21,-306
410027434,-2668,1424,15408,-30,211,63
410030817,-2636,1996,15548,-120,234,38
410034287,-4124,-1228,16584,-60,235,62
410037757,-4004,1060,15960,1,279,197
410041078,-2836,-680,16420,-262,29,-432
410044610,-2888,1408,15596,-124,70,-171
410048167,-2880,1652,15556,-37,-137,-69
410051724,-2908,1300,15804,147,-233,135
410055281,-3732,484,15588,-136,250,97
410058664,-2312,-232,15980,-126,210,-276
410062307,-3160,1012,15896,-302,412,-127
410066053,-2600,184,16016,-319,330,-367
410069508,-3064,1176,15240,-55,118,-222
410073064,-3376,2484,15768,-59,42,143
410076447,-4140,-1752,16680,151,-198,193
410080091,-4076,708,15844,-33,121,-23
410083474,-2844,-492,16244,-84,-78,-186
410087031,-2280,1160,15644,-198,237,-274
410090698,-2800,564,15892,-162,58,-205
410094145,-2948,748,15436,5,182,111
410097354,-3996,832,16156,-38,208,153
410100738,-3848,-1308,16776,-185,342,-113
410104468,-3280,448,15728,-12,301,51
410107764,-2636,436,16092,-272,-29,-352
410111360,-3080,924,15588,-30,-6,-81
410114642,-3208,1824,15284,-5,-117,-11
410118088,-3620,-1024,16676,35,-97,-53
410121558,-3684,72,15888,-144,381,8
410124767,-2428,316,16056,-114,-65,-305
410128324,-2680,1180,15188,-273,445,-110
410131968,-2524,2240,15652,-41,77,59
410135264,-4100,-1488,16696,62,71,176
410138672,-4044,1024,16000,-12,176,143
410142117,-2852,-576,16280,-216,137,-421
410145761,-2824,1072,15612,-180,69,-209
410149318,-2816,1712,15356,-123,-122,-302
410153048,-3124,1036,15676,111,-110,155
410156605,-3196,1812,15296,-96,14,168
410159988,-3120,-1304,16628,-160,299,-288
410163766,-4096,632,16276,-93,241,60
410167015,-2544,356,16052,-311,350,-335
410170571,-3040,812,15496,-132,206,-247
410174128,-3300,2492,15480,-178,-46,-228
410177772,-3552,56,15620,187,-47,203
410181068,-3852,796,15976,13,-80,46
410184278,-3436,-1120,16532,-7,-89,-138
410187838,-2072,1248,15536,-232,129,-328
410191501,-2824,1160,15824,-74,-22,-117
410195035,-3112,312,15788,-190,310,-78
410198505,-2728,2144,15268,26,75,159
410201801,-3780,-1544,16612,-263,491,-119
410205532,-3896,288,16140,-34,187,-9
410208828,-2552,792,15924,-229,104,-337
410212420,-2968,1516,15372,-67,-83,-23
410215879,-2972,1716,15104,69,-70,-5
410219151,-3360,628,15892,153,-115,181
410222621,-3872,-212,16012,-196,255,-121
410226265,-2520,-744,16088,-198,233,-414
410229908,-2488,1520,15396,-223,360,-50
410233465,-2712,1092,16148,-186,262,-198
410237109,-2784,1340,15288,-111,136,-132
410240777,-3468,2292,15504,64,18,276
410244049,-4012,-1956,17120,107,21,103
410247519,-3616,712,15768,-103,72,-115
410250989,-2836,376,16024,-67,-79,-272
410254459,-2176,1832,15440,-116,-16,-197
410258102,-3228,1600,15812,-26,-67,96
410261485,-3404,-564,16308,-79,383,-53
410265004,-3428,1848,15480,96,48,209
410268252,-2968,-1236,16560,-323,473,-311
410271982,-3676,228,16056,-109,223,-179
410275539,-2764,1640,16036,-130,6,-133
410279009,-2884,1448,15608,21,-60,102
410282392,-3412,1400,15144,100,-77,78
410285775,-3452,-1304,16504,116,-80,82
410289269,-3232,192,15904,-260,300,-228
410292802,-2880,980,15808,-161,99,-379
410296272,-2516,1548,15340,-139,171,-43
410299829,-2988,1928,15492,-121,182,-62
410303386,-3840,-432,16232,-33,213,111
410306856,-3924,336,16012,23,110,236
410310152,-3520,-1444,16804,-262,179,-421
410313925,-3220,816,15668,-178,68,-203
410317352,-2928,1296,15512,-62,-53,-154
410320909,-2636,1476,15660,47,-145,33
410324292,-3596,904,15204,-77,191,214
410327676,-2384,-784,16272,-81,347,-172
410331232,-3844,624,16208,-258,354,-89
410334702,-2672,1248,15956,-339,465,-404
410338370,-3016,1196,15140,28,-64,-58
410341729,-3552,1932,15604,-68,46,54
410345026,-3856,-884,16248,100,-73,55
410348409,-3500,400,15672,-112,126,-125
410351966,-3036,-936,16264,-193,13,-365
410355522,-2316,1716,15664,-278,232,-324
410359166,-3216,1532,15776,-77,98,37
410362462,-3624,-780,16332,-68,165,65
410365894,-3552,1224,15648,74,166,200
410369229,-2800,-776,16240,-362,351,-406
410372872,-3640,448,16084,-105,172,-176
410376429,-2888,1736,15772,-233,170,-434
410380072,-2888,1396,15436,73,-193,92
410383456,-3752,1060,15552,59,-104,29
410386839,-3712,-784,16392,13,-109,-8
410390247,-2936,292,15628,-233,329,-271
410393779,-2424,-48,16024,-182,100,-384
410397336,-2688,1492,15616,-288,287,-156
410400979,-2576,1752,15664,-150,299,-40
410404536,-3060,1020,15368,50,-54,54
410407833,-3976,1288,15524,47,254,242
410411216,-3160,-964,16460,-305,34,-469
410414814,-3016,1128,15576,-141,19,-172
410418329,-2924,1236,15616,-147,68,-327
410421886,-2664,1640,15576,92,-243,38
410425269,-3520,744,15592,-60,103,210
410428653,-3420,-1388,16676,-141,260,-213
410432383,-3616,816,16232,1,173,182
410435593,-2648,-652,15980,-362,397,-409
410439261,-2572,1800,15052,-198,178,-360
410442880,-3048,2664,15508,4,28,238
410446089,-4180,-1860,16608,-34,34,-132
410449646,-3812,1340,15708,67,80,52
410452856,-3164,-1208,16452,-177,-43,-398
410456586,-2356,1160,15288,-229,237,-394
410460230,-2836,1600,15636,-100,37,-158
410463835,-3076,752,15592,-41,198,66
410467083,-3868,1096,15764,-19,229,124
410470553,-3744,-1468,16792,-162,305,-20
410474196,-3468,304,15768,43,255,123
410477493,-2688,80,15984,-286,5,-412
410480789,-3204,924,15344,138,-126,138
410484259,-2828,1696,15472,-32,-92,-90
410487729,-3648,-724,16444,71,-155,59
410491137,-2752,464,15760,-146,380,-13
410494583,-2356,372,15908,-132,-65,-302
410498139,-2580,1160,15352,-296,419,-153
410501783,-2716,2136,15724,-98,104,42
410505166,-3928,-988,16484,35,45,133
410508462,-4076,1072,15892,38,148,206
410511846,-3028,-744,16512,-258,112,-454
410515531,-2904,1072,15628,-152,96,-149
410519046,-2952,1440,15444,-154,-138,-334
410522776,-2656,1468,15712,122,-128,87
410526246,-3228,1916,15504,-106,38,155
410529716,-3332,-1216,16680,-74,247,-208
410533360,-4324,812,16300,-51,263,165
410536743,-2604,-380,16024,-280,365,-394
410540411,-3092,684,15848,-180,243,-323
410543943,-3104,2576,15620,-210,-11,-236
410547587,-3408,64,15608,163,-77,173
410550883,-4028,948,15748,23,-63,2
410554006,-3032,-780,16416,-8,-116,-124
410557563,-2232,1236,15452,-306,234,-378
410561206,-2696,624,15916,-115,-42,-216
410564824,-3040,800,15480,-187,282,-90
410568233,-2816,2120,15324,-80,141,60
410571617,-3912,-1484,16760,-120,328,-53
410575260,-3984,700,15884,-78,278,64
410578557,-2596,92,16108,-221,15,-377
410581940,-2900,1380,15480,-107,54,-106
410585496,-3008,1740,15156,24,-182,-17
410588991,-3132,920,15860,163,-110,144
410592437,-3856,156,15860,-136,245,-20
410595906,-2620,-1264,16360,-167,174,-357
410599637,-2964,1232,15776,-104,378,78
410603107,-2572,120,16080,-305,284,-361
410606664,-2968,1292,15132,-93,159,-238
410610220,-3564,2276,15672,70,-45,327
410613627,-3888,-1888,16892,92,-44,90
410617022,-3932,900,15588,-43,85,6
410620110,-3008,-384,16360,-137,-30,-346
410623753,-2756,1612,15708,-225,159,-301
410627397,-3184,1708,15276,-91,21,153
410630780,-3116,308,15824,-19,310,71
410634077,-4280,588,16304,3,177,165
410637286,-2524,104,15884,-377,461,-423
410640868,-3124,772,15660,-97,120,-218
410644313,-3048,2348,15848,-26,59,134
410647696,-4092,-1396,16588,92,-107,170
410651253,-3844,780,15592,66,38,80
410654376,-3208,-768,16504,-192,-32,-362
410658019,-2372,1044,15648,-292,209,-329
410661663,-2624,496,15948,-67,38,-209
410665095,-2736,1076,15416,-57,195,44
410668429,-3780,1312,15700,20,109,88
410671726,-4264,-1312,16752,-160,336,32
410675283,-3488,108,15856,-148,272,-258
410678840,-2644,332,16104,-258,94,-380
410682310,-3196,844,15492,116,-196,114
410685780,-2988,1756,15652,33,-54,-82
410689187,-3720,-1000,16508,55,-151,33
410692633,-3876,448,15696,-58,251,71
410695929,-2392,-84,16004,-223,39,-348
410699399,-2548,1552,15360,-299,343,-197
410703043,-2672,1948,15712,-114,243,29
410706513,-2956,856,15304,8,-38,69
410709636,-3888,1568,15748,32,243,199
410713022,-3268,-1312,16520,-249,47,-436
410716689,-3196,912,15676,-164,59,-215
410720168,-2820,1524,15620,-52,-133,-98
410723689,-2812,1288,15948,107,-206,70
410727159,-3536,1132,15488,-82,220,161
410730629,-3340,-1244,16704,-70,182,-170
410734273,-3628,788,16276,29,231,227
410737569,-2904,-708,16108,-326,313,-371
410741237,-2536,1556,15424,-180,208,-337
410744856,-3064,2324,15724,-17,38,200
410748240,-3968,-1416,16440,120,-207,120
410751883,-3796,1208,15564,56,97,102
410755179,-3232,-1016,16352,-13,-87,-19
410758736,-2652,796,15648,-219,299,-350
410762293,-3220,1492,15828,-167,19,-243
410765898,-2920,1240,15244,-69,161,12
410769233,-3420,1524,15720,-61,219,30
410772616,-4052,-1224,16728,-124,239,69
410776173,-3572,264,15880,-2,261,138
410779470,-2844,-468,16144,-274,66,-404
410783026,-3092,1368,15428,-142,20,-184
410786583,-2884,1720,15552,-27,-66,-103
410790164,-3648,-796,16436,117,-222,112
410793696,-3828,772,15644,-85,286,83
410796993,-2388,-280,16012,-105,173,-243
410800636,-3168,768,15912,-302,426,-158
410804193,-2632,124,16024,-365,412,-405
410807750,-2948,1212,15464,34,-82,84
410811047,-3824,1660,15564,-43,112,166
410814540,-4248,-1496,16680,22,-90,-2
410817900,-3276,728,15860,43,153,45
410821145,-3116,-660,16396,-170,-46,-360
410824753,-2384,1560,15640,47,-54,9
410827963,-3360,1204,15208,-129,48,85
410831346,-3400,-1196,16524,-45,270,-101
410834990,-3888,568,16180,-3,223,198
410838311,-2968,-788,16220,-297,328,-359
410841930,-2676,1516,15328,-158,307,-320
410845573,-2880,2384,15836,-56,-31,140
410849043,-3376,476,15668,140,-128,138
410852513,-3620,1568,15368,26,-32,86
410855809,-3304,-1280,16620,80,-157,51
410859280,-2624,520,15608,-304,384,-401
410862840,-3228,1416,15776,-123,-80,-299
410866528,-2636,1460,15340,-98,269,-3
410869863,-3408,1632,15564,-72,106,51
410873246,-4024,-1248,16816,-65,343,91
410876716,-3800,320,15980,-11,202,195
410880100,-3124,-820,16260,-260,102,-443
410883743,-2932,1392,15316,-149,106,-166
410887387,-2896,1512,15588,-24,-162,-132
410891055,-2560,1408,15712,142,-173,104
410894587,-3580,712,15512,-98,181,128
410897970,-3360,-1212,16720,-84,232,-214
410901614,-3284,780,16136,-15,317,133
410904997,-2688,-56,16036,-363,306,-398
410908554,-2720,1144,15144,26,63,-17
410911850,-3008,2320,15776,-51,-18,101
410915343,-4208,-1420,16580,79,37,17
410918617,-3404,776,15804,-26,71,27
410921861,-3220,-624,16376,-136,-87,-340
410925470,-2276,1692,15652,-33,-121,-69
410929027,-3128,1792,15500,-57,11,113
410932410,-3560,-1152,16616,-44,347,-57
410935967,-3748,1456,15780,-4,142,159
410939374,-2688,-776,16152,-256,453,-329
410942993,-3444,456,15928,-139,220,-203
410946550,-2820,1888,15952,-261,51,-393
410950107,-2996,1164,15372,45,-130,54
410953490,-3556,1364,15152,-21,-135,-29
410957047,-3824,-1040,16624,80,-7,-9
410960343,-3100,588,15816,-264,265,-267
410963949,-2344,-132,15864,-128,53,-317
410967457,-2576,1508,15196,-325,393,-172
410971100,-2776,1868,15816,-101,175,-29
410974657,-2900,1016,15476,30,93,100
410977954,-3872,1364,15636,20,107,205
410981337,-3220,-1104,16400,30,81,-81
410984720,-3236,872,15864,-186,43,-181
410988194,-2796,1372,15688,-11,-64,-130
410991771,-2600,1416,15568,63,-100,44
410995130,-3640,992,15500,-41,152,174
410998513,-3264,-1284,16932,-77,348,-155
411002157,-3704,684,16112,-280,323,-111
411005714,-2688,-376,16192,-336,376,-365
411009357,-2716,1344,15216,-152,284,-282
411013004,-3092,2300,15904,-49,-43,108
411016494,-3192,668,15196,82,-60,129
411019767,-3632,1608,15452,89,-79,96
411023098,-3392,-1524,16580,-115,63,-337
411026707,-2652,272,15956,-375,311,-461
411030264,-3284,1988,15700,-120,-32,-214
411033907,-2960,424,15500,-43,254,45
411037204,-3464,1856,15728,-109,111,-29
411040785,-3984,-1388,16620,-47,333,128
411044317,-3748,332,15796,13,158,158
411047614,-3024,-528,16420,-253,121,-397
411051257,-3276,1244,15520,-126,43,-147
411054814,-2928,1548,15592,-31,-131,-118
411058458,-2848,1212,15884,113,-117,104
411062014,-3756,504,15632,-62,168,94
411065413,-3140,-1460,16784,-94,263,-277
411068954,-3136,1032,15820,-327,348,-143
411072598,-2468,184,15916,-278,343,-373
411076154,-2848,952,15368,-83,198,-216
411079625,-3040,2404,15744,-41,6,165
411082921,-4120,-1604,16752,-3,94,-33
411086304,-4028,556,15664,-6,32,11
411089452,-3084,-640,16252,-98,21,-340
411092897,-2372,1616,15728,24,-214,5
411096194,-3216,1628,15720,-114,29,127
411099664,-3400,-1008,16468,-102,306,-121
411103394,-3924,1052,15832,46,127,206
411106777,-2640,-508,16284,-391,470,-416
411110421,-3212,380,15604,-139,148,-248
411114001,-2940,2124,15992,-214,74,-369
411117534,-3256,840,15604,49,-124,122
411120918,-3644,1320,15224,-3,-154,-61
411124427,-3872,-1084,16412,26,-34,22
411127771,-2820,480,15708,-260,255,-312
411131328,-2212,232,15616,-141,85,-325
411134798,-2740,1240,15288,-286,303,-145
411138465,-2664,2032,15640,-55,197,26
411141824,-4056,-1184,16592,4,56,124
411145121,-3868,1124,15796,22,168,168
411148504,-2932,-668,16400,-292,137,-447
411152148,-2932,1032,15572,-136,-41,-149
411155791,-2856,1456,15292,-150,6,-361
411159261,-2812,1524,15780,93,-270,90
411162644,-3840,572,15736,-29,274,153
411166076,-3304,-1292,16648,-183,271,-299
411169758,-3124,1080,15896,-85,212,69
411173141,-2516,28,15960,-298,405,-336
411176611,-3036,1056,15256,21,-69,6
411179821,-3696,1788,15536,-44,80,170
411183204,-4284,-1604,16568,42,-70,-16
411186674,-3452,672,15976,60,74,46
411189822,-2932,-532,16432,-183,-43,-378
411193441,-2576,1636,15664,67,-119,-1
411196824,-3068,1864,15396,-116,107,96
411200294,-3544,-1272,16680,-60,232,-116
411203937,-3884,1068,15972,53,286,176
411207321,-2708,-508,16184,-319,305,-333
411210964,-3368,504,15880,-117,228,-224
411214544,-2940,2156,15960,-277,65,-359
411218077,-3112,1032,15580,107,-154,124
411221634,-3888,944,15404,42,-32,14
411224879,-3732,-1100,16412,25,-130,-74
411228401,-2540,656,15388,-292,385,-302
411231958,-2380,256,15664,-142,-14,-301
411235514,-2596,1428,15100,-264,352,-208
411239182,-2708,2016,15680,-91,163,66
411242541,-4036,-1208,16688,14,22,137
411245924,-4080,936,15844,39,259,182
411249221,-2920,-548,16344,-305,42,-470
411252778,-2948,1224,15364,-116,67,-144
411256334,-3060,1424,15528,-116,-101,-280
411260065,-2776,1288,15796,127,-165,91
411263583,-3340,1976,15232,-67,100,262
411267005,-3104,-1416,16868,-150,249,-329
411270735,-4304,576,16368,-52,351,85
411274031,-2648,156,15936,-320,289,-351
411277588,-3016,788,15580,-96,194,-224
411281058,-3248,2424,15824,-18,-38,189
411284528,-3348,312,15436,141,-128,206
411288002,-3892,624,15772,-17,96,7
411291150,-2956,-384,16296,-163,-39,-378
411294765,-2116,1284,15428,-183,229,-290
411298408,-3060,1764,15552,-140,-7,-165
411301965,-2924,716,15496,13,235,91
411305175,-3832,1064,16084,-39,162,90
411308558,-4000,-1464,16740,-140,306,-21
411312201,-3152,352,15768,-37,343,-22
411315608,-2524,940,15984,-232,-39,-343
411319141,-3312,448,15448,-12,-58,-51
411322525,-2872,1980,15252,7,-116,-32
411325943,-3804,-1276,16508,60,-94,-18
411329378,-3964,52,16012,-198,393,-72
411332761,-2536,260,15800,-131,-30,-263
411336318,-2596,1368,15584,-258,387,-143
411339986,-2500,2248,15640,-54,116,48
411343345,-3220,608,15352,94,77,164
411346554,-4072,872,15964,-14,154,137
411349938,-2852,-452,16288,-274,159,-393
411353581,-2968,1196,15480,-172,4,-153
411357051,-2828,1660,15644,-168,-94,-377
411360695,-2904,1304,15620,113,-102,143
411364300,-3156,1744,15284,-65,11,167
411367634,-3116,-1220,16628,-159,324,-275
411371365,-4264,540,16436,-83,294,97
411374661,-2524,456,16136,-295,282,-369
411378218,-2956,912,15572,-95,188,-215
411381688,-3292,2396,16000,-22,-36,178
411385158,-3340,392,15496,144,-67,157
411388566,-4116,576,15836,-20,16,13
411391751,-3012,-340,16352,-138,10,-350
411395308,-2068,1340,15520,-255,152,-317
411398951,-3080,1924,15532,-105,-49,-167
411402595,-3128,448,15636,-55,281,62
411405891,-4016,1132,16044,-36,63,121
411409274,-3852,-1572,16872,-184,448,-14
411412921,-3048,496,15712,-101,260,-32
411416411,-2620,1084,15868,-185,56,-300
411419945,-3288,444,15468,-38,-33,-33
411423328,-2812,1888,15200,19,-139,-37
411426833,-3836,-1068,16600,171,-146,180
411430442,-3912,52,16132,-142,224,-60
411433825,-2572,396,15868,-174,217,-392
411437382,-2556,1380,15452,-292,313,-162
411441050,-2608,1012,16184,-202,261,-245
411444669,-3356,404,15332,-9,69,149
411447878,-4140,1060,15848,4,0,241
411451001,-4176,-1896,16988,-76,110,-199
411454645,-2892,1192,15548,-106,126,-125
411458288,-2984,228,16236,-115,-43,-289
411461845,-2964,1132,15836,-134,100,-196
411465537,-3196,1868,15172,-73,-2,184
411468872,-3372,-136,15812,18,306,79
411472168,-4252,432,16524,-44,201,21
411475465,-2476,408,16004,-291,433,-332
411479022,-3032,884,15608,-129,85,-228
411482492,-3200,2680,15644,31,29,238
411485788,-3508,20,15476,98,-49,220
411489022,-4036,552,15696,4,33,-18
411492121,-3056,-472,16320,-158,-17,-338
411495764,-2132,1148,15500,-247,129,-329
411499408,-3192,2016,15444,-60,117,192
411502878,-3068,304,15544,-30,167,49
411506174,-3976,1076,15980,15,197,186
411509558,-2536,-304,16048,-264,401,-127
411513204,-3284,788,15528,-116,139,-253
411516781,-2620,480,16188,-240,134,-349
411520315,-3368,924,15500,92,-200,161
411523698,-3088,1840,15040,91,-75,36
411527029,-3596,-1220,16604,-75,-134,-139
411530725,-3820,252,15928,-127,314,-22
411534195,-2540,344,15860,-133,19,-264
411537665,-2612,1404,15676,-308,263,-211
411541333,-2660,2368,15508,4,209,138
411544605,-3548,224,15612,13,19,167
411547814,-3928,1024,15968,12,248,86
411551111,-2964,-528,16500,-258,35,-391
411554668,-2852,1216,15620,-114,27,-169
411558224,-2984,1800,15488,-12,-114,-19
411561781,-3156,1028,15948,162,-224,186
411565398,-3904,308,15852,-25,147,200
411568721,-2884,-1348,16652,-191,180,-333
411572451,-2980,1144,15688,-78,264,55
411575835,-2588,312,15888,-301,348,-367
411579391,-3096,960,15200,-123,34,-188
411582861,-3200,2444,15700,-11,98,195
411586245,-4092,-1612,16852,89,-126,167
411589826,-4028,512,15748,27,137,7
411592924,-2912,-108,16416,-139,-116,-355
411596655,-2040,1444,15264,-191,135,-281
411600298,-3344,1828,15536,-48,14,-91
411603681,-3172,348,15868,-53,186,58
411606978,-4148,644,16192,-11,259,147
411610361,-2508,132,15992,-307,354,-227
411613941,-3160,840,15544,-56,196,-225
411617388,-2600,824,16124,-249,74,-319
411620858,-3328,736,15396,135,-142,184
411624328,-3244,1920,15160,92,-58,120
411627746,-3616,-1288,16736,-89,-110,-162
411631441,-3608,152,15960,-168,415,-130
411634998,-2628,620,15880,-107,-70,-194
411638579,-2548,1544,15612,-207,282,-152
411642198,-2748,2204,15588,-219,329,-208
411645842,-3520,180,15468,16,54,174
411649052,-4140,500,16032,101,103,307
411652435,-3800,-1840,17024,-202,40,-334
411656078,-2772,1320,15436,-112,82,-109
411659635,-2908,664,15996,-143,-33,-271
411663195,-1920,1784,15512,-63,-114,-115
411666884,-3432,1528,15076,-67,183,204
411670305,-3456,-744,16276,-16,266,-45
411673775,-4240,352,16304,-127,375,-2
411677158,-2876,-972,16336,-388,428,-381
411680802,-2860,1220,15460,-14,44,-157
411684272,-2748,1816,15940,-168,76,-94
411687745,-3772,-416,15892,157,-130,174
411691323,-3660,1304,15368,80,44,120
411694595,-3232,-1080,16648,-117,-109,-268
411698412,-3036,428,15664,-237,360,-243
411701969,-3028,1096,15892,-174,75,-388
411705526,-2624,1724,15500,-110,161,-9
411708996,-3276,1752,15436,-132,301,-91
411712553,-3832,-528,16132,-30,156,145
411716046,-3824,1484,15884,55,216,253
411719406,-3280,-1164,16680,-295,59,-458
411723049,-3232,868,15660,-137,27,-156
411726519,-2760,1464,15620,-81,-65,-174
411730111,-2588,1736,15536,70,-228,53
411733459,-3480,900,15340,-73,223,176
411736843,-2308,-492,16120,-89,252,-172
411740424,-3692,572,16272,-237,433,-141
411743956,-2628,-84,16000,-385,390,-414
411747513,-2812,1212,15124,14,5,-47
411750723,-3676,2088,15532,-51,87,118
411754106,-3920,-1412,16348,68,-55,40
411757489,-3568,656,15600,-149,172,-162
411761046,-3052,-656,16424,-131,-108,-319
411764824,-2244,1692,15432,-243,248,-331
411768420,-3084,1832,15484,-108,45,60
411771803,-3452,-1036,16512,-23,104,104
411775359,-3648,1460,15716,-6,236,155
411778743,-3036,-1124,16408,-76,202,113
411782300,-3296,16,16184,-217,381,-317
411785769,-2936,2216,15848,-243,-15,-394
411789438,-2940,836,15392,87,-112,107
411792796,-2956,1856,15352,-2,-93,-32
411796179,-3724,-1028,16640,66,-96,53
411799563,-2884,328,15700,-119,334,17
411802946,-2304,276,15872,-145,-31,-334
411806503,-2656,1384,15224,-252,415,-137
411810146,-2596,2052,15528,-117,133,18
411813639,-4016,-1132,16552,85,15,136
411817000,-3984,1208,15876,-10,177,183
411820470,-3056,-856,16480,-40,13,-108
411823940,-3056,1060,15540,-185,127,-185
411827583,-2868,1592,15620,-150,-100,-374
411831348,-2748,1360,15740,123,-109,83
411834783,-3244,1872,15408,-106,65,158
411838278,-3328,-1412,16424,-103,285,-185
411841984,-4156,556,16340,-44,317,124
411845367,-2320,36,16032,-249,342,-189
411848837,-3204,652,15868,-66,220,-261
411852307,-3164,2312,15772,-39,-31,147
411855777,-3220,672,15400,165,-149,198
411859247,-4008,592,15788,19,14,26
411862370,-2888,-436,16480,-62,-64,-190
411865975,-2100,1152,15400,-265,206,-312
411869570,-2524,724,15808,-142,-28,-202
411873127,-2988,732,15328,-27,268,93
411876423,-3780,1412,15984,-83,118,39
411879806,-3888,-1332,16760,-92,380,26
411883277,-3436,320,15888,-65,220,29
411886573,-2500,612,15916,-185,59,-356
411890068,-3148,636,15360,75,-173,117
411893426,-3820,1364,15344,40,-143,-34
411896896,-3736,-1100,16812,8,-83,-5
411900193,-2584,724,15596,-153,277,-39
411903663,-2244,436,15828,-126,35,-301
411907133,-2772,1240,15464,-85,179,31
411910516,-2524,2248,15556,-21,213,48
411913922,-3964,-1264,16720,-131,249,53
411917456,-4028,1140,16040,29,194,151
411920839,-3076,-744,16464,-290,91,-425
411924396,-3076,1104,15608,-144,-24,-175
411928039,-2780,1612,15492,-17,-89,-91
411931544,-2832,1320,15484,111,-248,121
411935066,-3808,600,15772,-54,76,182
411938387,-3176,-1200,16780,-185,264,-255
411942093,-3316,912,15912,-13,203,173
411945476,-2820,-316,16208,-355,435,-352
411949120,-2696,1576,15056,-172,117,-350
411952763,-3320,2508,15576,67,69,278
411956060,-4164,-1780,16788,69,-134,99
411959530,-3808,968,15596,54,48,77
411962653,-2956,-752,16284,-196,-48,-380
411966346,-2188,1380,15344,-225,105,-347
411969940,-3000,1716,15612,-84,90,-165
411973410,-3240,696,15632,-16,149,49
411976706,-3944,972,16120,6,256,174
411979916,-2596,-356,16032,-229,339,-79
411983473,-3420,512,15784,-90,245,-248
411986943,-2908,2344,16012,-309,71,-408
411990524,-3172,868,15316,112,-150,157
411993970,-3872,924,15660,43,-76,9
411997092,-3716,-1144,16392,-45,-88,-71
412000649,-2616,764,15568,-272,295,-323
412004206,-2436,236,15924,-144,-14,-322
412007763,-2840,1292,15300,-25,256,88
412011146,-2640,2060,15560,-74,132,43
412014553,-3964,-1352,16804,-103,328,19
412018086,-4072,1168,15928,-13,241,156
412021556,-2880,-576,16476,-275,27,-428
412025113,-2844,1300,15592,-129,92,-159
412028670,-3016,1676,15428,-6,-184,-42
412032174,-2956,984,15840,146,-151,145
412035610,-3672,452,15504,-121,238,67
412039017,-3048,-1300,16812,-115,170,-288
412042723,-2936,1144,15880,-86,379,40
412046106,-2596,484,15980,-296,263,-337
412049663,-3028,964,15252,38,83,36
412052786,-3788,1500,15832,-52,25,210
412056169,-4228,-1936,16648,8,68,-69
412059466,-3152,1024,15552,-207,22,-183
412063026,-2936,-184,16428,-139,-81,-341
412066768,-2752,1372,15616,-171,187,-277
412070310,-3172,1896,15396,-95,8,128
412073606,-3252,-1264,16672,6,241,107
412076989,-4192,712,16128,-30,200,134
412080373,-2548,76,16092,-309,376,-356
412083843,-3068,732,15712,-135,258,-262
412087399,-3388,2148,15928,-35,25,145
412090807,-3192,820,15380,134,-78,180
412094166,-4076,556,15664,23,16,67
412097289,-2928,-396,16448,-167,79,-344
412100846,-2316,892,15320,-207,155,-284
412104402,-3072,1828,15756,-96,94,55
412107699,-3676,-1084,16628,-45,213,94
412111169,-3724,1256,15852,28,183,184
412114575,-2840,-824,16252,-125,375,9
412117935,-3432,180,15956,-165,236,-312
412121492,-2964,2268,15780,-232,106,-375
412125136,-3144,720,15504,112,-183,97
412128519,-3784,1312,15392,36,-109,-17
412131992,-3764,-1092,16428,6,-107,-13
412135498,-2692,624,15480,-140,228,-12
412138953,-2544,204,15936,-145,29,-273
412142399,-2756,1292,15216,-317,314,-205
412146042,-2728,2244,15524,-42,205,92
412149426,-3996,-1152,16736,19,34,130
412152809,-3980,1236,15932,83,174,196
412156192,-2880,-624,16492,-303,32,-447
412159749,-2816,1212,15540,-131,5,-135
412163267,-2652,1616,15408,-4,-130,-79
412166689,-2868,1284,15560,90,-189,117
412170159,-3756,556,15652,-68,265,115
412173542,-3308,-1264,16712,-156,213,-248
412177272,-3024,956,15916,-60,249,98
412180569,-2460,380,15928,-359,353,-395
412184126,-2948,964,15300,54,12,106
412187335,-3888,1420,15948,-26,116,181
412190830,-4236,-1740,16712,-16,1,-56
412194189,-3152,804,15528,-181,142,-214
412197745,-2976,-260,16288,-190,-115,-362
412201475,-2044,1324,15308,-183,168,-261
412205119,-3184,1680,15544,-144,51,115
412208589,-3092,552,15508,-9,177,92
412211799,-4248,608,16232,-7,274,196
412215119,-2492,-100,15952,-342,370,-421
412218739,-3168,700,15648,-49,250,-207
412222209,-3024,2272,15736,-267,29,-339
412225766,-3164,832,15260,147,-125,212
412229236,-4008,684,15764,41,-131,63
412232532,-3496,-1120,16572,-28,-44,-125
412236211,-2424,1064,15484,-154,374,-66
412239757,-2732,464,15812,-141,-32,-272
412243289,-2468,1616,15720,-225,341,-107
412246932,-2728,2048,15468,-45,134,75
412250316,-3532,416,15544,49,82,179
412253525,-4168,628,16212,-40,239,105
412256909,-2732,84,16276,-269,81,-412
412260292,-2712,1460,15384,-124,60,-130
412263897,-3016,1696,15344,26,-178,23
412267232,-3084,836,15932,149,-126,160
412270702,-3764,180,15664,-139,248,38
412274085,-2216,152,15828,-115,204,-314
412277642,-2752,1188,15868,-334,336,-220
412281285,-2496,872,15976,-263,295,-294
412284842,-3164,660,15284,29,50,124
412288055,-4068,1072,16028,-31,4,238
412291373,-4188,-2028,16972,-81,138,-163
412294992,-2812,1156,15472,-47,71,-55
412298375,-2836,128,16168,-78,-54,-280
412301845,-3000,1116,15844,-175,53,-218
412305402,-3136,1744,15312,-87,59,142
412308785,-3360,-1264,16612,-129,242,-217
412312515,-4052,456,16204,-68,245,43
412315835,-2456,276,15900,-235,437,-248
412319369,-3100,772,15612,-123,118,-197
412322925,-3144,2432,15644,-171,13,-278
412326482,-3352,468,15560,123,-153,216
412329952,-4204,360,15892,107,-115,104
412333422,-3504,-1140,16556,-102,9,-187
412337014,-3540,-128,15828,-220,276,-157
412340647,-2772,972,15740,-109,92,-170
412344093,-2356,1588,15476,-201,216,-78
412347649,-2824,1948,15312,32,183,174
412351032,-3932,-232,15844,8,234,170
412354329,-4080,292,16216,-36,168,29
412357626,-2744,948,16068,-261,111,-345
412361182,-2848,1356,15212,-32,-167,-27
412364787,-3140,1836,15188,-57,-115,-214
412368382,-3400,296,16148,123,-161,174
412371853,-3692,-40,15840,-49,72,215
412375149,-2424,-760,16316,-216,197,-434
412378793,-2492,1544,15620,-221,299,-70
412382349,-2668,1152,15900,-181,326,-219
412385993,-2932,1212,15196,-36,4,-105
412389401,-3756,2032,15608,54,116,299
412392759,-3780,-1928,17108,54,16,84
412396056,-3676,488,15752,-109,89,-128
412399526,-2960,692,16128,-124,3,-332
412402909,-2100,1592,15476,-79,-77,-117
412406466,-3324,1520,15308,-53,173,211
412409936,-3700,-776,16368,-46,287,-55
412413429,-4180,312,16320,-124,341,-6
412416789,-2944,-916,16336,-410,476,-390
412420433,-2696,1200,15272,-31,62,-164
412423902,-2796,1952,16188,-129,69,-81
412427373,-3836,-644,15932,76,-71,144
412430756,-3616,1164,15248,113,23,114
412434139,-3092,-1112,16436,-117,-92,-295
412437908,-2948,348,15604,-274,366,-281
412441450,-3192,1248,15808,-174,44,-379
412444983,-2388,1676,15508,-97,194,30
412448366,-3284,1812,15556,-58,242,31
412451749,-4148,-1068,16568,-46,185,100
412455306,-3820,352,16024,-62,332,-124
412458776,-3060,-960,16536,-296,77,-396
412462333,-2956,1336,15492,-108,0,-202
412465851,-2856,1440,15412,-41,-32,-145
412469359,-3644,-292,16372,104,-202,95
412472830,-3700,692,15340,-66,232,138
412476213,-2104,-124,15884,-220,38,-447
412479770,-3584,932,16016,-206,356,-76
412483240,-2552,1352,15924,-251,278,-239
412486883,-2720,1788,15176,25,-75,2
412490117,-4000,1088,15864,74,198,339
412493476,-4064,-1900,16816,-76,32,-162
412497033,-3172,1012,15472,-93,110,-101
412500590,-3156,-864,16356,-161,-71,-362
412504233,-2360,1912,15484,-279,198,-350
412507877,-3236,1656,15544,-115,137,123
412511433,-2956,916,15252,-30,162,65
412514753,-3856,948,15840,66,204,192
412518026,-2536,-368,15956,-381,330,-408
412521670,-3356,484,15760,-59,187,-218
412525140,-2916,2128,15908,-277,133,-418
412528783,-3168,1040,15324,89,-213,142
412532253,-3856,892,15572,67,-55,14
412535463,-3780,-1024,16492,2,-125,-42
412538976,-2564,720,15564,-247,356,-313
412542490,-2380,368,15672,-120,-16,-315
412546047,-2760,1356,15364,-37,184,54
412549430,-2484,2216,15656,-70,217,67
412552813,-4092,-1332,16572,-102,285,28
412556370,-4176,1020,15940,55,250,166
412559753,-2836,-484,16364,-288,32,-404
412563370,-2984,1132,15368,-117,20,-154
412566867,-2772,1720,15316,-10,-132,-37
412570423,-3100,1132,15720,151,-264,121
412573980,-3804,468,15504,-99,206,173
412577363,-2980,-1320,16528,-165,164,-294
412581094,-2956,1144,15832,-82,315,65
412584477,-2592,580,15948,-291,346,-354
412588037,-3044,968,15304,-67,74,-167
412591441,-3328,2340,15852,-81,116,152
412594887,-4084,-1704,16856,1,-6,-69
412598183,-3836,592,15764,22,135,24
412601393,-3152,-252,16560,-149,-123,-380
412605123,-1972,1428,15416,-173,159,-278
412608767,-3300,1704,15308,-153,82,114
412612237,-3152,540,15696,2,146,75
412615384,-4260,624,16392,-39,248,166
412618743,-2480,-56,15948,-349,340,-407
412622300,-3152,684,15608,-50,182,-196
412625770,-3100,2332,15800,-89,5,83
412628980,-4040,-1460,16420,144,-162,175
412632623,-4040,764,15728,-10,67,59
412635833,-3004,-572,16512,-46,-86,-146
412639431,-2340,980,15464,-274,326,-333
412642946,-3172,1792,15452,-135,-35,-222
412646590,-3012,792,15452,-4,212,92
412649800,-3888,1012,16124,-42,186,143
412653270,-4052,-1512,16768,-182,358,-68
412656913,-3404,432,15744,22,281,69
412660123,-2580,112,16256,-272,26,-393
412663641,-3096,1156,15376,75,-78,133
412666976,-2888,1792,15164,42,-170,-18
412670446,-3664,-968,16508,10,-32,-54
412673829,-2528,724,15568,-178,299,-41
412677299,-2576,284,15864,-98,3,-276
412680596,-2480,1276,15276,-95,204,34
412683979,-2492,2076,15732,-64,93,44
412687276,-4104,-1032,16492,-106,376,88
412690857,-3588,-40,16028,10,155,136
412694129,-2800,-132,16312,-283,139,-468
412697772,-3164,1044,15484,-112,-24,-103
412701416,-2872,1756,15252,9,-54,-76
412704712,-3800,-744,16452,121,-177,128
412708269,-3792,268,15708,-88,220,69
412711566,-2488,12,15960,-142,318,-301
412715060,-2908,1008,15848,-307,360,-162
412718679,-2700,2040,15792,-259,348,-310
412722322,-3164,932,15348,39,-27,124
412725619,-4000,1272,15880,15,16,267
412728916,-4272,-2036,16952,-84,101,-167
412732559,-3060,1024,15500,-6,0,-37
412735769,-3044,-264,16184,-163,-18,-299
412739454,-2692,1452,15520,-222,98,-321
412742969,-3144,1960,15460,-29,77,200
412746352,-3460,-1468,16716,-153,255,-223
412750082,-4116,588,16188,-21,221,84
412753379,-2524,-76,16156,-389,361,-380
412756936,-3268,564,15704,-70,146,-232
412760406,-3140,2464,15744,-190,90,-300
412764011,-3428,528,15612,133,-160,141
412767433,-4068,604,15772,110,-125,75
412770816,-3588,-1332,16596,-61,-62,-163
412774459,-2148,1188,15460,-212,292,-149
412778103,-2720,616,15776,-117,33,-213
412781573,-2992,856,15500,-229,265,-123
412785129,-2672,2224,15352,-6,185,167
412788537,-3748,-1616,16912,-14,82,155
412791983,-3912,788,16036,-2,278,60
412795193,-2592,76,16028,-273,31,-380
412798576,-2844,1192,15572,-85,-26,-137
412802133,-2896,1944,15080,38,-121,65
412805516,-3452,348,16088,159,-239,138
412808986,-3872,144,15784,-153,367,-56
412812456,-2584,348,15760,-164,87,-352
412815950,-2628,1128,15656,-305,432,-225
412819569,-2432,1428,15756,-234,273,-260
412823213,-3424,136,15460,-11,-37,-72
412826596,-3412,2288,15532,-31,158,209
412830066,-4012,-1988,16868,-79,16,-194
412833623,-3944,436,15920,-55,186,-93
412837006,-2956,420,16068,-135,-117,-301
412840691,-2036,1840,15324,-80,11,-173
412844120,-3068,1808,15180,-95,101,208
412847590,-3472,-388,16148,-13,216,40
412850973,-4332,456,16424,-101,379,66
412854356,-3196,-1200,16444,-339,342,-296
412858086,-2948,1040,15488,-68,179,-222
412861643,-2628,1980,15852,-156,-27,-123
412865335,-2812,1300,15532,81,-172,98
412868670,-3612,1572,15404,54,-4,96
412871879,-3336,-1288,16648,-97,-84,-247
412875523,-3440,24,15936,-256,389,-255
412878993,-2708,1388,15784,-90,-33,-102
412882550,-2396,1512,15216,-68,177,6
412885846,-2936,1916,15164,-54,173,129
412889341,-3896,-568,16352,11,97,154
412892618,-3844,380,16036,-87,324,-97
412895996,-2584,1080,15944,-254,46,-437
412899553,-2860,1496,15432,32,-7,20
412902763,-3328,1504,15416,63,-125,35
412906146,-3472,-1024,16548,156,-108,159
412909789,-3736,-196,15928,-259,332,-161
412913457,-2312,-484,16228,-181,58,-437
412916990,-2476,1428,15572,-212,424,-98
412920546,-2552,1596,15832,-170,192,-174
412924190,-2832,1272,15096,52,21,-17
412927486,-3760,1920,15544,3,120,249
412930783,-3584,-1664,16896,-140,128,-350
412934513,-3644,504,15576,-144,149,-149
412938073,-2844,952,16092,-160,-131,-319
412941755,-2268,1712,15400,10,13,-45
412945010,-3304,1272,15228,-62,15,106
412948393,-3412,-904,16328,-44,340,-76
412951863,-4108,496,16168,43,163,203
412955160,-2656,-748,16244,-359,385,-418
412958803,-2868,1196,15252,-58,265,-226
412962360,-2800,2176,15904,-125,-62,-16
412965966,-3864,-836,16060,111,-174,161
412969473,-3636,1092,15348,21,-2,39
412972683,-3236,-1024,16576,-72,-56,-288
412976327,-2708,428,15548,-333,415,-341
412979883,-3216,1476,15880,-153,-48,-311
412983527,-2608,1260,15340,-95,280,5
412986823,-3356,1764,15664,-108,159,-11
412990405,-4120,-1104,16376,-42,308,64
412993850,-3588,268,15880,-22,209,154
412997233,-2968,-648,16392,-240,89,-421
413000790,-2952,1316,15360,-155,103,-200
413004434,-2668,1680,15404,11,-210,-55
413007903,-2968,1212,15668,152,-147,155
413011460,-3568,732,15668,-98,142,132
413014868,-3228,-1304,16648,-143,259,-241
413018574,-3376,896,15992,-313,384,-133
413022131,-2676,-64,16152,-297,286,-358
413025687,-2832,1384,15028,-149,265,-309
413029331,-3372,2352,15680,61,-70,287
413032714,-4004,-1964,16916,140,-64,139
413036271,-3900,940,15480,-8,57,31
413039417,-3168,-616,16368,-108,-55,-312
413043072,-1860,1340,15524,-307,238,-395
413046681,-3168,1992,15308,-66,-65,-140
413050238,-3176,248,15600,5,283,86
413053361,-4216,1092,16252,0,147,168
413056657,-2520,-396,16144,-209,391,-149
413060300,-3240,536,15836,-149,136,-271
413063960,-2612,776,16032,-223,56,-325
413067327,-3328,564,15384,100,-137,153
413070797,-3016,1696,15200,43,-146,26
413074181,-3568,-1052,16540,-22,-19,-98
413077737,-4092,-264,16036,-156,271,-96
413081294,-2460,896,15892,-106,77,-269
413084764,-2672,1392,15660,-242,312,-74
413088345,-2676,2028,15676,-41,158,70
413091704,-3264,384,15504,35,121,176
413095001,-4180,696,16120,-10,183,114
413098384,-2596,-20,16172,-113,184,-285
413101941,-2968,1260,15352,-102,-72,-84
413105497,-2908,1536,15380,-107,-79,-299
413109141,-3076,1040,15916,120,-234,186
413112701,-3352,1556,15216,-70,51,243
413116105,-2728,-956,16648,-187,231,-380
413119724,-4384,264,16548,-128,253,38
413123107,-2672,636,16024,-275,404,-326
413126664,-2976,1116,15576,-63,42,-178
413130134,-3356,2312,15684,-4,164,198
413133518,-3564,-120,15656,84,-107,122
413136988,-3944,708,15824,-24,74,-42
413140307,-2964,-232,16284,-97,21,-202
413143793,-2112,1556,15584,-188,72,-273
413147311,-3024,1808,15336,-57,63,-69
413150694,-3280,-48,15828,-11,217,101
413154077,-4344,408,16228,-13,337,130
413157461,-3528,-1464,16792,-300,350,-242
413161191,-2924,844,15544,-72,213,-70
413164622,-2756,952,15852,-224,49,-264
413168044,-3380,576,15524,147,-168,171
413171514,-3292,1760,15320,100,-21,144
413174984,-3400,-1248,16548,-76,-100,-219
413178714,-3544,152,15652,-158,398,-141
413182271,-2828,712,15896,-218,95,-397
413185741,-2392,1348,15532,-234,287,-145
413189409,-2532,1212,15880,-249,367,-241
413193028,-3684,268,15800,-18,-59,-64
413196411,-3708,1800,15640,79,208,328
413199795,-3636,-1664,16764,-246,63,-421
413203438,-3716,820,15696,-37,80,-63
413206735,-2860,480,16048,-162,-84,-303
413210291,-2152,2032,15352,-52,-74,-80
413213786,-3420,1360,15332,-85,157,218
413217231,-3592,-912,16380,-37,248,-29
413220701,-4160,472,16316,-89,386,70
413223998,-2700,652,16012,-360,400,-336
413227555,-2868,1328,15496,-40,60,-173
413231025,-3536,2224,15644,-125,42,-5
413234408,-3748,-764,15852,104,-65,69
413237795,-3896,628,15824,-78,127,-35
413241198,-3300,-1304,16624,-123,-89,-283
413244939,-1912,1720,15232,-250,349,-292
413248548,-3196,1328,15676,-62,-46,-7
413251931,-3256,-124,15996,-120,185,-61
413255488,-3148,1952,15472,44,170,238
413258871,-3360,-1376,16708,-43,141,118
413262428,-3736,356,16044,-61,307,-123
413265946,-2588,1264,16036,-251,83,-433
413269455,-3052,1380,15388,27,-55,38
413272751,-3212,1856,14944,28,-120,53
413276135,-3684,-192,16404,162,-179,144
413279691,-3556,-24,16024,-304,378,-242
413283248,-2208,-444,16092,-196,21,-425
413286805,-2428,1492,15564,-197,453,-39
413290386,-2712,1172,16124,-230,240,-223
413294005,-2704,1648,15156,15,26,-57
413297302,-3796,1596,15636,16,101,302
413300685,-3740,-1652,16980,31,-32,1
413303981,-3516,580,15780,-102,126,-113
413307538,-2816,896,15936,-133,-112,-280
413311182,-2184,1908,15524,63,-49,-40
413314589,-3168,1352,15204,-101,94,171
413318035,-3656,-728,16424,-31,276,-22
413321505,-4140,316,16280,-199,341,-3
413324888,-2892,-796,16132,-360,358,-345
413328532,-2916,1160,15436,-46,130,-148
413332088,-2728,1740,15876,-135,-24,-88
413335645,-3744,-440,15864,92,-149,87
413339052,-3460,1424,15316,59,-36,103
413342412,-3280,-1208,16340,-103,-24,-296
413346177,-3080,216,15676,-271,413,-285
413349699,-3140,1104,15872,-159,-26,-377
413353342,-2392,1600,15284,-140,284,-21
413356899,-2652,1532,15948,-167,219,-113
413360542,-3980,-416,15996,22,-48,60
413363887,-3836,1132,15612,40,198,246
413367222,-3196,-872,16768,-239,83,-454
413370779,-3236,1072,15476,-101,119,-101
413374422,-2848,1112,15724,-186,-48,-363
413378066,-2512,1792,15644,43,-130,24
413381449,-3588,868,15672,-86,91,163
413384746,-3448,-1256,16800,-105,253,-148
413388500,-3640,600,16152,40,256,174
413391772,-2628,-444,16044,-373,338,-377
413395416,-2832,1140,15276,-80,200,-233
413398973,-2896,2444,15916,-91,2,74
413402182,-4028,-1332,16324,66,-25,30
413405566,-3912,1096,15532,43,56,88
413408775,-3196,-1068,16500,-125,-86,-337
413412506,-2084,1844,15648,-268,379,-353
413416174,-3236,1564,15848,-68,-12,75
413419532,-2736,1156,15396,-24,189,79
413422916,-3532,1644,15708,28,105,190
413426299,-2944,-1108,16296,-86,300,51
413429769,-3668,404,16052,-121,231,-163
413433326,-2812,1616,16000,-275,54,-429
413436882,-2932,1188,15492,39,-24,72
413440202,-3568,1412,15244,-14,-155,-69
413443735,-3844,-828,16408,120,-81,84
413447154,-3060,348,15644,-279,298,-317
413450676,-2224,-200,15908,-146,1,-377
413454146,-2640,1648,15360,-137,234,33
413457615,-2556,1636,15956,-117,164,-68
413461172,-3888,-584,16176,18,45,27
413464431,-3740,1664,15544,41,95,267
413467679,-3344,-1404,16720,-214,166,-391
413471409,-3064,844,15600,-210,107,-212
413474966,-2900,1416,15548,-15,-128,-149
413478609,-2416,1696,15596,58,-117,28
413481992,-3576,1060,15316,-95,138,170
413485462,-3336,-1164,16748,-53,312,-124
413489130,-3720,500,16204,-26,165,192
413492489,-2552,-260,16108,-346,411,-368
413496132,-2832,996,15244,-105,235,-214
413499689,-2920,2324,15952,-98,-24,48
413503073,-3952,-1316,16188,139,-101,159
413506716,-3876,924,15368,36,-9,54
413509839,-3140,-768,16504,-115,13,-314
413513420,-2500,748,15668,-329,301,-337
413516953,-3368,1484,15872,-115,-71,-262
413520596,-2676,1204,15344,-37,225,71
413523979,-3648,1352,15852,-92,128,62
413527363,-4000,-1264,16628,-89,359,25
413530832,-3700,264,16060,-99,172,-159
413534303,-2952,-444,16372,-279,143,-443
413537950,-3052,1388,15316,-131,49,-147
413541526,-2976,1620,15520,19,-159,-73
413544973,-3712,-576,16604,127,-103,151
413548564,-3792,336,15556,-93,191,83
413551826,-2236,-28,15732,-164,104,-373
413555383,-3124,944,16024,-294,339,-143
413558940,-2568,1952,15660,-290,333,-367
413562583,-3084,1072,15084,17,46,91
413565853,-3908,1384,15820,-27,-29,211
413569263,-4064,-1936,16860,-38,129,-114
413572906,-3224,980,15484,-7,-5,37
413576029,-3060,-588,16508,-126,-6,-361
413579586,-2696,1664,15376,19,-188,22
413582969,-3552,844,15696,-31,-6,100
413586266,-3388,-1124,16684,-130,340,-154
413590021,-3976,892,16128,22,133,204
413593293,-2560,-380,16028,-361,484,-451
413596936,-3252,728,15680,-127,142,-217
413600493,-3020,2036,15840,-29,53,75
413603789,-3916,-1040,16364,68,-76,113
413607259,-3872,812,15668,68,0,58
413610296,-3116,-764,16572,-176,26,-333
413613877,-2380,744,15336,-293,205,-342
413617409,-3212,1720,15480,-36,108,106
413620879,-2988,1068,15332,-70,186,57
413624262,-3576,1540,15660,68,127,218
413627646,-2924,-1056,16368,-139,362,63
413631202,-3420,244,16036,-105,192,-219
413634759,-2748,2200,15872,-263,157,-443
413638426,-2984,1096,15504,81,-189,120
413641873,-3016,1540,15316,19,-85,-37
413645256,-3728,-812,16300,30,-112,32
413648674,-3000,280,15712,-68,174,81
413651936,-2296,-16,15872,-184,79,-381
413655406,-2660,1568,15408,-89,139,42
413658789,-2556,1964,15760,-81,270,11
413662172,-3932,-940,16528,-41,174,54
413665604,-3724,368,16132,70,166,231
413668852,-3320,-1168,16704,-300,92,-442
413672495,-2800,1632,15508,-160,28,-191
413676052,-2912,1600,15712,-60,-78,-108
413679609,-3556,-592,16380,77,-196,61
413682992,-3580,1064,15368,-54,213,116
413686462,-2240,-564,16236,-121,264,-130
413690130,-3592,388,16160,-275,374,-154
413693662,-2444,32,15788,-362,477,-388
413697132,-2880,976,15352,45,-63,7
413700255,-3788,2048,15580,-30,208,230
413703725,-3896,-1220,16488,90,-87,85
413707109,-3584,444,15804,-116,151,-162
413710665,-3140,-584,16412,-194,-45,-357
413714333,-2324,1648,15560,-244,209,-307
413717952,-3148,1620,15524,-83,128,37
413721336,-3556,-1012,16580,-48,132,79
413724806,-3620,1332,15840,7,266,203
413728102,-2836,-592,15912,-343,299,-366
413731745,-3408,348,15928,-80,246,-161
413735216,-2964,1836,15960,-129,-26,-45
413738796,-3072,1180,15376,91,-146,96
413742156,-3544,1256,15200,44,7,73
413745279,-3368,-1160,16532,77,-190,29
413748784,-2904,112,15836,-323,448,-304
413752305,-3184,1400,15764,-165,-47,-360
413755949,-2480,1384,15464,-98,250,-19
413759419,-2444,1712,15688,-178,242,-91
413762979,-4236,-692,16432,46,196,232
413766407,-3968,1048,16072,4,250,198
413769655,-3068,-692,16544,-284,70,-432
413773212,-2988,1132,15540,-98,88,-125
413776682,-2776,1304,15836,-90,-148,-186
413780326,-3704,-248,16404,97,-154,79
413783709,-3640,644,15536,-90,167,190
413787092,-2332,-360,16100,-131,250,-189
413790760,-3592,760,16140,-250,460,-48
413794206,-2672,1124,15976,-339,314,-368
413797849,-2672,1596,15152,9,58,-41
413801059,-3940,1564,15620,-7,12,211
413804355,-3920,-1624,16708,14,34,-52
413807739,-3532,912,15536,-121,125,-101
413811295,-3236,-952,16492,-146,-80,-387
413814963,-2084,1936,15320,-29,-27,-75
413818409,-3104,1776,15616,-63,-18,109
413821879,-3464,-920,16544,-67,319,-86
413825349,-3660,1436,15828,-2,211,186
413828732,-2808,-900,16164,-341,389,-347
413832376,-3324,328,15808,-82,293,-189
413835846,-2828,1940,15916,-123,-31,-13
413839426,-3016,1140,15440,108,-98,97
413842785,-3384,1672,15172,49,-90,69
413846082,-3536,-1324,16536,180,-185,227
413849761,-3120,-352,16124,-392,401,-438
413853369,-1960,824,15732,-196,-36,-416
413856926,-2764,884,15360,-180,404,-14
413860396,-2436,1912,15732,-179,220,-159
413864088,-2680,1780,14976,101,-41,156
413867509,-4272,820,16240,-25,218,228
413870893,-3020,-516,16544,-80,52,-209
413874363,-3152,984,15508,-134,76,-102
413877833,-2916,1480,15876,-191,-58,-380
413881476,-2536,1684,15696,93,-97,69
413884773,-3540,944,15364,-104,57,145
413888180,-3340,-1248,16752,-74,307,-137
413891799,-3856,532,16284,1,215,200
413895009,-2656,-764,16016,-369,394,-442
413898653,-2656,1532,15224,-19,7,-25
413901949,-3148,2160,15828,-49,-33,93
413905332,-3920,-1252,16388,39,67,18
413908629,-3696,568,15820,-105,51,-70
413912012,-3076,-1000,16452,-134,13,-385
413915680,-2256,1864,15280,-300,308,-325
413919299,-3000,1532,15748,-105,-5,6
413922596,-3448,-544,16224,-49,327,-37
413926066,-3452,1544,15604,27,99,215
413929362,-2888,-964,16228,-346,455,-348
413933006,-3588,428,15920,-62,184,-130
413936476,-2772,1540,16140,-149,107,-146
413940142,-2968,1396,15396,6,-82,55
413943329,-3588,1284,15256,98,-51,107
413946712,-3500,-1228,16600,78,-70,74
413950130,-3296,216,15928,-258,262,-220
413953652,-2884,1044,15844,-165,88,-373
413957209,-2224,1640,15272,-155,190,-75
413960766,-2636,1856,15724,-123,172,-62
413964372,-3784,-680,16108,-47,268,137
413967792,-3676,1832,15544,21,89,243
413971089,-3488,-1392,16752,-208,175,-381
413974819,-3312,752,15620,-122,15,-110
413978289,-2940,904,15952,-85,-18,-251
413981759,-2404,1780,15656,-11,-122,-70
413985316,-3440,1132,15400,-51,154,168
413988810,-3540,-932,16404,-93,375,-94
413992256,-3876,360,16288,-183,288,-48
413995726,-2760,-800,16112,-388,490,-402
413999369,-2840,1072,15424,5,-27,-126
414002753,-2952,1828,16008,-135,70,-59
414006223,-3716,-684,16112,121,-129,161
414009779,-3640,1108,15264,98,-34,78
414013100,-3252,-1096,16556,-159,9,-317
414016633,-2728,472,15620,-270,241,-311
414020189,-3096,1408,15800,-77,90,49
414023486,-3468,-452,16044,-95,157,-36
414026956,-3332,1892,15360,80,120,256
414030339,-3200,-1288,16564,-82,311,138
414033896,-3900,360,16120,-31,177,-93
414037279,-2628,1184,16100,-271,157,-394
414040946,-2896,1636,15372,12,-182,31
414044306,-3372,1544,15220,9,-111,-139
414047776,-3604,-384,16492,65,-129,107
414051281,-3512,224,15956,-88,175,151
414054629,-2472,-672,16276,-182,124,-401
414058273,-2664,1516,15536,-277,319,-147
414061916,-2696,1560,15848,-131,321,-128
414065662,-2968,1128,15496,17,-46,-21
414068943,-3512,2028,15568,21,206,268
414072326,-3652,-1752,16892,76,11,77
414075623,-3512,384,15820,-131,104,-146
414079179,-3048,916,15944,-135,26,-361
414082649,-2240,1652,15516,-50,-102,-104
414086293,-3236,1520,15244,-49,47,68
414089614,-3564,-700,16252,-36,204,-5
414092973,-4160,512,16364,-117,358,39
414096356,-3096,-1136,16212,-380,420,-305
414100086,-2896,1080,15620,-116,181,-224
414103729,-2736,2280,15688,-117,89,-26
414107200,-3932,-988,16080,92,-217,136
414110670,-3488,1560,15096,103,59,82
414113990,-3368,-1444,16520,-112,-108,-251
414117783,-3220,160,15968,-289,339,-311
414121340,-2212,100,15920,-166,95,-406
414124810,-2600,1368,15324,-115,130,-23
414128367,-2688,1868,15872,-103,263,-27
414131923,-3868,-700,16412,-16,132,152
414135393,-3772,1676,15684,29,162,247
414138800,-3508,-1424,16772,-264,149,-421
414142507,-3492,776,15740,-125,43,-66
414145890,-2784,660,15816,-91,3,-279
414149187,-2216,2112,15460,-10,-156,-32
414152782,-3504,640,15444,17,149,193
414156040,-2532,-368,16104,-102,357,-214
414159683,-3488,816,15984,-178,258,9
414162983,-2588,1236,15888,-343,448,-374
414166672,-2752,1536,15444,0,-79,-58
414169920,-3564,1960,15516,-52,41,55
414173216,-3832,-784,16140,68,-57,107
414176600,-3816,352,15900,-59,102,-74
414179983,-2996,596,15888,-185,36,-359
414183453,-2084,1896,15384,-17,-103,-107
414187096,-3328,1248,15920,-68,118,52
414190504,-3392,-416,16120,-27,234,6
414193776,-4228,296,16272,103,105,245
414197159,-3160,-1236,16628,-388,408,-355
414200890,-3088,968,15620,-44,182,-126
414204360,-2548,1640,16012,-207,113,-151
414208003,-2796,1468,15356,31,-201,79
414211386,-3432,1500,15184,78,17,76
414214621,-3396,-1076,16592,-91,-90,-244
414218240,-3352,128,15824,-174,347,-223
414221796,-2904,1104,16064,-219,124,-392
414225440,-2560,1416,15624,-155,214,-55
414228996,-2632,1660,15720,-157,322,-134
414232640,-3852,-376,16100,14,-31,30
414235937,-3748,1720,15572,11,164,268
414239343,-3648,-1484,16872,-221,56,-362
414242963,-3552,712,15804,-96,49,-104
414246347,-2728,928,15980,-133,-59,-253
414249903,-2376,1584,15668,-15,-148,-72
414253495,-3436,1376,15540,-67,174,200
414256930,-3516,-948,16232,-61,264,-89
414260400,-3952,524,16296,-154,362,-16
414263918,-2800,-900,16212,-394,438,-362
414267514,-2876,1224,15476,-122,153,-216
414271157,-2812,2032,16108,-114,87,-23
414274627,-3768,-848,15956,61,-157,85
414278010,-3540,1288,15268,104,8,101
414281307,-3340,-1164,16440,-158,-49,-321
414285037,-3032,556,15620,-275,301,-314
414288618,-3096,1140,15988,-116,58,-300
414292151,-2612,1412,15388,-123,177,-34
414295707,-2712,1940,15560,-69,212,-1
414299091,-4040,-892,16404,-46,238,125
414302561,-3884,228,15936,39,130,207
414305857,-3164,-1008,16560,-266,137,-445
414309587,-2848,1420,15460,-141,38,-162
414313169,-2660,1316,15660,-42,-56,-162
414316701,-2568,1644,15512,35,-161,68
414320084,-3712,832,15520,-27,162,161
414323467,-2148,-444,15932,-135,359,-171
414327111,-3652,664,15940,-203,301,-67
414330581,-2896,-604,16292,-335,439,-389
414334224,-2400,1728,15244,-20,-30,-49
414337698,-3056,2528,15708,49,-44,246
414341101,-4056,-1604,16488,-45,48,-101
414344634,-3836,1304,15420,78,-29,108
414348018,-3156,-1100,16464,-181,10,-375
414351661,-2580,952,15644,-271,222,-333
414355253,-3192,1568,15856,-82,41,-261
414358688,-2808,1188,15388,-71,157,30
414362071,-3536,1288,15624,69,196,240
414365503,-4136,-1304,16988,-139,309,32
414369011,-3576,324,16024,-69,188,-177
414372481,-2836,-540,16220,-287,170,-449
414376125,-2908,1324,15488,37,-189,82
414379508,-2780,1532,15468,16,-49,-77
414382891,-3864,-796,16476,79,-141,76
414386274,-3032,372,15732,-70,228,54
414389595,-2424,-188,15836,-169,35,-397
414393128,-2660,1496,15348,-283,313,-127
414396771,-2588,1736,15868,-159,278,-96
414400328,-2920,1104,15308,35,-72,88
414403624,-3784,1832,15656,7,256,254
414406921,-3388,-1548,16672,-220,33,-387
414410564,-3324,868,15748,-132,91,-127
414414059,-2836,1056,15728,-179,31,-363
414417591,-2520,1612,15552,44,-173,1
414420888,-3312,1192,15300,-103,220,183
414424444,-3432,-992,16308,-57,232,-122
414428001,-3812,640,16060,70,198,212
414431298,-2968,-932,16160,-381,354,-364
414434941,-2868,1540,15460,-140,208,-329
414438608,-2988,2412,15764,-92,63,104
414441968,-4004,-1284,16276,123,-168,126
414445611,-3728,1372,15376,28,65,61
414448821,-3180,-1240,16396,-147,-54,-317
414452551,-2812,600,15544,-210,321,-345
414456143,-2460,108,15848,-169,83,-331
414459578,-2712,1244,15476,-74,189,14
414462965,-3332,1516,15536,-85,248,11
414466393,-4004,-1264,16576,-59,235,86
414469815,-3836,228,16084,56,230,220
414473111,-3052,-936,16344,-289,52,-451
414476668,-2996,1552,15272,79,-125,66
414480051,-2924,1392,15744,-77,-64,-121
414483608,-3716,-480,16284,135,-111,112
414487165,-3556,736,15492,-92,266,84
414490490,-2472,-304,16208,-193,59,-354
414494018,-3408,676,16152,-242,418,-146
414497574,-2632,1772,15868,-173,197,-90
414501131,-2828,1204,15252,80,-8,29
414504341,-3684,1828,15748,-18,116,234
414507811,-3520,-1556,16944,58,-24,5
414511108,-3536,748,15860,-155,129,-143
414514689,-2660,932,15988,-181,-25,-350
414518221,-2516,1692,15520,13,-28,-36
414521604,-3384,1400,15436,-56,95,187
414524988,-3360,-852,16416,-25,300,-72
414528458,-3920,552,16248,-238,329,-35
414531928,-2848,-828,16196,-340,371,-329
414535571,-2840,1348,15384,-42,60,-129
414539064,-2908,1940,16016,-122,-49,3
414542424,-3816,-888,16104,127,23,104
414545807,-4056,736,15908,58,-129,75
414549104,-3300,-1404,16524,-83,36,-242
414552661,-2184,1764,15588,-316,322,-410
414556339,-2944,1892,15696,-18,-20,100
414559774,-2804,860,15564,-93,267,22
414563131,-3116,2108,15584,9,87,175
414566281,-3540,-1580,16648,-297,483,-190
414570011,-3912,116,16092,-153,219,-210
414573568,-2468,1524,15968,-227,95,-439
414577124,-3088,1180,15352,-15,-84,8
414580421,-3184,1908,15056,104,-106,25
414583891,-3620,72,16304,109,-63,208
414587187,-3824,-108,16000,-193,272,-226
414590855,-2384,-504,16068,-172,149,-434
414594474,-2480,1456,15460,-275,355,-109
414598118,-2644,1608,15884,-127,273,-193
414601761,-2696,1316,15348,-13,43,-21
414605144,-3776,2032,15720,34,70,288
414608441,-3716,-1772,16880,51,67,22
414611738,-3524,756,15740,-100,26,-96
414615145,-2940,544,16024,-127,31,-279
414618591,-2276,1884,15348,-29,-127,-107
414622234,-3196,1348,15076,-56,142,175
414625704,-3660,-700,16128,-56,271,4
414629001,-3900,300,16316,-133,319,-9
414632384,-2600,1092,15952,-400,486,-375
414636028,-2844,1168,15476,-67,6,-116
414639434,-3368,2436,15540,-118,105,-58
414642968,-3836,-512,15912,117,-115,153
414646524,-3492,1260,15480,94,-32,83
414649821,-3524,-1100,16540,-152,-43,-273
414653551,-3020,200,15808,-278,323,-326
414657143,-2944,1508,15724,-102,37,-43
414660578,-2424,1616,15296,-136,158,-2
414664096,-2992,1952,15296,24,182,164
414667431,-3992,-320,16308,-12,180,225
414670901,-3912,-328,16220,-61,284,-177
414674458,-2980,-720,16588,-337,176,-495
414678101,-2816,1184,15364,-121,-33,-105
414681745,-2784,1348,15884,-101,6,-204
414685215,-3540,-192,16384,49,-176,61
414688623,-3596,1000,15248,-47,210,137
414692068,-2516,-804,16252,-98,268,-153
414695625,-3720,620,16248,-257,362,-105
414699182,-2604,1372,16012,-348,466,-388
414702825,-2944,1196,15384,8,-75,-65
414706122,-3468,2100,15584,-82,110,52
414709505,-3924,-1128,16288,102,-97,92
414712978,-3720,580,15796,82,21,99
414716122,-2884,704,16024,-171,-26,-364
414719655,-2140,1732,15428,11,-48,-77
414723038,-3068,1540,15192,-115,129,14
414726508,-3508,-544,16368,15,201,6
414729717,-4068,416,16440,-193,413,18
414733101,-2448,796,15956,-349,350,-327
414736658,-2852,1004,15596,-8,127,-170
414740151,-2720,1648,16036,-204,20,-119
414743684,-3812,-268,15704,163,-91,213
414747154,-3404,1484,15360,40,18,100
414750451,-3364,-1120,16472,-104,-20,-241
414754181,-3316,260,15712,-215,376,-226
414757773,-2964,1136,15888,-122,-21,-117
414761381,-2468,1476,15236,-123,254,-67
414764986,-3096,1996,15456,-120,226,-100
414768582,-3892,-648,16108,3,165,158
414771878,-3748,612,15864,29,216,195
414775175,-3400,-1272,16688,-211,32,-336
414778818,-2880,1432,15276,-144,81,-182
414782375,-2780,1596,15664,-76,-151,-147
414786018,-2520,1372,15708,82,-161,32
414789426,-3324,1292,15284,-130,220,150
414792958,-3604,-988,16656,-31,211,-66
414796428,-3792,320,16380,-268,466,-138
414799985,-2544,-288,15952,-363,363,-411
414803629,-2916,1096,15352,24,22,-21
414806925,-2868,2224,16100,-167,71,-9
414810308,-3912,-1088,15920,100,-55,112
414813890,-3728,1040,15500,86,61,104
414817162,-3180,-924,16468,-195,-73,-348
414820805,-2380,1828,15368,-216,324,-295
414824449,-2964,1388,15764,-142,16,-13
414827919,-2644,1388,15364,-55,182,54
414831302,-3628,1300,15740,-32,177,152
414834772,-3076,-892,16400,-64,219,47
414838178,-3748,108,16120,-118,317,-165
414841712,-2672,1872,15964,-300,56,-505
414845269,-2880,1356,15232,106,-79,121
414848739,-2896,1444,15492,-43,-104,-133
414852382,-3700,-408,16364,132,-113,106
414855939,-3712,412,15788,-73,270,152
414859357,-2428,-148,16132,-188,29,-399
414862882,-2908,1132,15724,-273,434,-105
414866571,-2840,1580,15676,-325,316,-343
414870166,-2904,1368,15440,65,-51,49
414873462,-3724,1364,15616,-52,87,228
414876846,-4252,-1916,16724,8,-27,-116
414880316,-3100,1048,15572,-161,92,-120
414883872,-3028,-640,16400,-138,-93,-348
414887519,-2636,1748,15832,-197,175,-339
414891184,-2968,2020,15472,-124,42,160
414894629,-3196,368,15668,3,163,85
414897752,-3888,1156,16004,-59,254,161
414901222,-2844,-560,16100,-318,320,-392
414904866,-3172,324,15976,-138,288,-281
414908423,-2880,2452,15792,-277,-8,-367
414911979,-3164,724,15472,140,-102,186
414915474,-3848,1040,15620,19,-96,-23
414918833,-3736,-1208,16552,-3,-73,-29
414922303,-2652,520,15664,-114,367,-52
414925772,-2356,380,15972,-159,2,-292
414929156,-2700,1164,15324,-24,212,68
414932539,-2812,2088,15696,-97,135,42
414935922,-3960,-1316,16700,-47,299,59
414939416,-4208,820,16016,-46,255,150
414942776,-2856,-412,16456,-253,100,-444
414946419,-2852,1140,15404,-127,105,-161
414950063,-2912,1644,15476,-6,-159,-73
414953533,-2928,1136,15744,145,-153,151
414957089,-3676,492,15808,-108,224,53
414960507,-3204,-1320,16760,-110,192,-266
414964252,-2956,1132,15912,-113,353,72
414967673,-2636,196,15968,-290,293,-371
414971230,-2936,956,15280,-63,174,-244
414974700,-3036,2524,15776,-77,-13,172
414978170,-4104,-1704,16500,156,-138,161
414981813,-3944,740,15868,-14,42,45
414985023,-3104,-408,16328,-63,-104,-160
414988691,-2180,1232,15428,-268,229,-340
414992310,-2804,788,15772,-135,-50,-195
414995867,-3120,620,15652,16,260,75
414999076,-3972,1172,15952,-89,109,76
415002460,-3740,-1220,16628,-117,382,0
415005930,-3336,196,15980,-44,278,16
415009226,-2512,980,15996,-255,10,-339
415012699,-3356,488,15460,77,-105,153
415016104,-3672,1404,15360,7,-149,-50
415019463,-3672,-1144,16656,50,-38,27
415022846,-2680,772,15564,-262,250,-335
415026403,-2372,140,15916,-80,37,-290
415029786,-2760,1232,15316,-132,160,-3
415033256,-2628,2212,15392,-50,142,51
415036639,-4128,-1280,16560,-122,327,65
415040219,-3956,1524,15696,24,113,168
415043579,-3216,-1040,16416,-253,201,-413
415047309,-2812,908,15660,-243,48,-289
415050779,-2808,1796,15456,-97,-107,-253
415054423,-3060,652,15904,94,-115,97
415057719,-3724,960,15508,-80,161,116
415061138,-3252,-1292,16632,-121,313,-195
415064935,-3152,804,15992,-38,193,114
415068216,-2528,252,16064,-325,422,-357
415071773,-2928,1036,15144,-117,175,-249
415075416,-3228,2420,15936,-22,-2,180
415078800,-3976,-1696,16720,111,-49,175
415082356,-4072,804,15840,23,13,17
415085479,-2796,-632,16436,-184,33,-340
415089061,-2348,820,15536,-250,126,-348
415092593,-3068,1988,15628,-50,104,106
415096063,-3076,768,15392,-17,153,92
415099359,-3932,1228,15928,55,182,174
415102743,-2776,-700,16216,-162,415,25
415106213,-3368,340,16044,-113,194,-253
415109769,-2828,2104,16056,-251,171,-418
415113437,-3128,1140,15328,126,-234,141
415116970,-2964,1708,15356,60,-103,-9
415120353,-3768,-1084,16452,-4,-86,-46
415123823,-3756,392,15824,-92,220,46
415127119,-2204,60,15868,-212,100,-374
415130589,-2692,1568,15280,-259,252,-109
415134233,-2584,1960,15644,-105,292,41
415137706,-4140,-984,16364,-2,-38,74
415141023,-3900,1364,15880,88,203,240
415144382,-3220,-1040,16556,-326,107,-459
415148113,-2996,1128,15336,-135,19,-164
415151670,-3072,-208,16448,-132,9,-319
415155139,-2772,1352,15820,59,-256,30
415158523,-3608,912,15404,-72,71,149
415161858,-3332,-1172,16712,-120,221,-202
415165598,-3616,560,16272,23,162,190
415168846,-2460,-136,16108,-376,456,-435
415172490,-2876,1028,15140,-96,102,-222
415176046,-3072,2288,15944,-85,130,59
415179430,-3776,-1140,16304,134,-217,157
415183073,-3884,772,15512,67,106,83
415186283,-3140,-792,16368,-124,-101,-327
415190038,-2528,668,15588,-249,280,-360
415193570,-2424,544,15800,-156,54,-295
415197040,-2792,900,15164,-32,154,63
415200336,-3572,1448,15764,-69,247,32
415203720,-4116,-1184,16664,-102,245,29
415207276,-3660,256,16068,59,265,179
415210573,-2712,-184,16188,-288,86,-434
415214154,-3036,1212,15372,89,-113,113
415217600,-2916,1616,15732,-55,-8,-90
415220983,-3812,-732,16508,125,-160,125
415224540,-4068,220,15692,-93,304,91
415227836,-2188,168,15972,-175,-21,-396
415231393,-3112,904,15892,-244,363,-139
415234950,-2452,2160,15812,-140,172,-62
415238530,-2968,928,15016,48,-63,122
415241803,-3772,1692,15920,-21,195,228
415245273,-3332,-1424,16676,-4,-39,-43
415248743,-3264,764,15536,-164,160,-193
415252300,-2652,1304,15676,-164,-114,-346
415256030,-2624,1416,15656,68,-90,43
415259326,-3104,1700,15752,-136,72,48
415262745,-3508,-1164,16652,-35,240,-45
415266315,-3956,780,16208,21,249,168
415269563,-2652,-336,16180,-363,337,-364
415273206,-2988,964,15368,-86,250,-164
415276676,-2888,1996,16132,-118,-14,-27
415280233,-3116,1120,15224,121,-146,147
415283790,-3924,864,15492,6,76,41
415286826,-3232,-852,16480,-112,-27,-310
415290494,-2736,568,15700,-241,376,-274
415294026,-2960,1372,15956,-153,6,-332
415297496,-2772,1404,15364,-49,244,50
415300880,-3352,1652,15888,30,63,235
415304176,-4140,-1140,16476,-65,251,69
415307646,-3724,228,16036,-98,287,-108
415311116,-2936,-820,16508,-274,47,-439
415314697,-2944,1436,15376,53,-71,71
415317969,-3396,1500,15104,-16,-155,-82
415321526,-3732,-732,16416,84,-38,43
415324823,-3472,432,15768,-132,165,111
415328292,-2336,-640,16004,-158,65,-375
415331849,-2468,1752,15188,-324,456,-195
415335493,-2824,1532,16152,-118,165,-55
415339073,-2988,1000,15248,-14,91,-24
415342433,-3768,1920,15660,55,95,294
415345729,-3580,-1608,16968,65,-1,1
415348939,-2924,1660,15636,-216,115,-188
415352583,-2852,1024,15708,-30,-116,-183
415356226,-2448,1544,15776,5,-52,-22
415359523,-3300,1480,15308,-42,69,174
415362944,-3520,-1136,16512,-16,348,-80
415366511,-4020,404,16284,-240,309,-84
415369933,-2708,-628,16076,-372,404,-385
415373576,-2876,1112,15252,-28,80,-90
415376959,-3092,1856,15836,-84,-34,7
415380256,-3720,-616,15960,81,-1,104
415383552,-3828,356,15708,-89,74,-106
415386936,-3192,-932,16476,-114,-6,-340
415390517,-1988,1804,15580,-75,-87,-143
415394049,-3236,1300,15800,-70,34,-5
415397346,-3360,-404,16144,-59,279,-7
415400729,-4504,216,16480,88,52,240
415403939,-3200,-1172,16684,-392,465,-365
415407669,-2932,1232,15408,-85,178,-149
415411226,-2712,1472,15904,-160,62,-153
415414807,-2800,1348,15412,-6,-137,41
415418166,-3416,1396,15124,121,-31,97
415421549,-3612,-1192,16624,81,-45,100
415425019,-3268,-20,15972,-250,327,-226
415428576,-2888,1152,15768,-166,120,-406
415432219,-2568,1444,15324,-173,163,-54
415435776,-2520,1788,15928,-124,254,-118
415439443,-3912,-480,15904,20,34,27
415442629,-4052,500,16084,41,85,256
415445839,-3504,-1412,16836,-244,161,-372
415449569,-2808,1420,15464,-146,28,-169
415453126,-2820,1104,15828,-57,-35,-197
415456683,-2496,1496,15720,19,-135,-10
415460152,-3460,1304,15480,-49,150,192
415463690,-3444,-1100,16316,-96,375,-86
415467179,-3960,432,16260,-201,292,-84
415470649,-2580,-648,16244,-355,513,-358
415474293,-2840,1164,15164,-160,164,-252
415477936,-2892,2256,15952,-34,20,43
415481233,-4044,-1200,16300,68,-48,83
415484616,-3800,1092,15436,90,-46,85
415487916,-3132,-1032,16520,-171,19,-318
415491581,-2704,408,15624,-294,242,-362
415495113,-2976,1728,15808,-70,110,57
415498496,-2628,1076,15192,-81,170,33
415501879,-3536,1816,15676,110,175,234
415505349,-3096,-1280,16652,-117,274,86
415508906,-3804,392,15840,-60,216,-144
415512376,-2744,1468,15976,-295,149,-447
415516044,-2992,1368,15340,15,-168,33
415519403,-2792,1440,15628,-29,-50,-101
415522960,-3696,-428,16500,125,-197,114
415526516,-3724,504,15828,-84,213,105
415529900,-2128,-52,16012,-175,60,-403
415533370,-3460,632,16112,-266,288,-145
415536926,-2552,1816,15936,-134,269,-68
415540508,-2748,984,15104,-18,-75,22
415543780,-3540,1908,15676,82,190,268
415547163,-3432,-1540,16956,2,-6,-41
415550459,-3264,864,15692,-119,109,-150
415554016,-2820,1004,15768,-144,6,-372
415557486,-2396,1776,15576,41,-196,5
415560783,-3432,1244,15340,-118,213,174
415564417,-3512,-1032,16484,-71,246,-88
415567896,-3820,552,16348,-179,416,-46
415571366,-2760,-608,16232,-387,409,-371
415575010,-2728,1012,15200,-91,188,-207
415578566,-2868,2188,16056,-126,47,-35
415582036,-3912,-948,16168,88,-206,131
415585506,-3852,1104,15316,32,88,89
415588741,-3220,-1052,16372,-119,-76,-304
415592446,-2844,412,15496,-246,389,-313
415596003,-3152,1524,15876,-193,32,-374
415599560,-2824,1304,15124,-59,219,54
415602943,-3400,1828,15644,-136,260,-3
415606413,-3984,-1084,16508,-31,196,117
415609970,-3884,408,15780,37,226,188
415613291,-3172,-852,16696,-231,36,-405
415616823,-2928,1376,15320,-163,55,-198
415620380,-2768,1712,15400,-52,-115,-142
415624023,-2688,1372,15644,127,-230,99
415627493,-3680,900,15688,-108,235,138
415630963,-3364,-1356,16800,-129,213,-199
415634694,-3328,972,16004,-267,442,-99
415638188,-2448,-264,16092,-364,314,-415
415641807,-2912,1288,15200,-107,139,-219
415645451,-3012,2224,15884,-68,101,88
415648834,-3988,-1228,16452,90,-203,142
415652391,-3956,732,15624,63,130,103
415655687,-3044,-720,16372,-48,-85,-146
415659244,-2456,1028,15504,-200,264,-285
415662891,-2560,284,15864,-164,48,-269
415666423,-2820,1228,15296,-20,152,83
415669740,-3700,1156,15828,-27,231,133
415673211,-4204,-1568,16796,-141,284,-44
415676854,-3828,1104,15764,16,274,134
415680237,-2868,-440,16284,-252,31,-430
415683794,-3016,1192,15516,-109,0,-198
415687264,-2928,1788,15388,-1,-138,-37
415690758,-2980,844,15900,151,-227,126
415694204,-3724,496,16020,-120,264,77
415697587,-2192,-88,15948,-212,216,-312
415701144,-2984,1140,15744,-219,405,-131
415704788,-2560,268,16068,-364,368,-355
415708344,-2936,1108,15224,43,21,63
415711554,-3864,1424,15860,-24,47,188
415714962,-4240,-1896,16960,-34,57,-70
415718407,-3244,900,15652,-183,71,-180
415721877,-2888,-364,16100,-151,-52,-367
415725521,-2576,1512,15536,-152,178,-255
415729164,-3140,1844,15808,-106,-3,130
415732634,-3124,628,15368,-29,227,108
415736018,-4048,852,16096,33,201,160
415739339,-2500,-336,16096,-251,331,-93
415742871,-3280,464,15704,-145,266,-256
415746428,-2960,2268,15776,-252,3,-385
415749898,-3184,956,15584,134,-86,185
415753281,-3832,972,15444,17,-24,33
415756490,-3160,-896,16488,25,-101,-49
415759961,-2692,692,15384,-278,323,-328
415763564,-2416,388,15872,-121,-65,-338
415767109,-2784,1184,15360,-121,248,64
415770544,-2544,2104,15460,-65,150,26
415773927,-4216,-1144,16848,-54,331,92
415777397,-3604,328,16056,-44,221,152
415780780,-3076,-760,16324,-205,72,-410
415784337,-2748,1244,15488,-156,86,-177
415787898,-2760,1628,15656,-54,-166,-112
415791562,-2976,1412,15752,93,-106,78
415794921,-3572,680,15560,-56,167,117
415798304,-2400,-312,15840,-105,274,-217
415801947,-3304,856,15980,-313,313,-157
415805504,-2548,32,16112,-309,328,-377
415808974,-2932,1196,15404,-9,52,23
415812184,-3468,2056,15196,-93,0,72
415815418,-4104,-1288,16608,103,27,63
415818777,-3500,544,15948,-180,42,-206
415822247,-2784,1168,15752,-122,5,-324
415825717,-2464,1396,15464,0,-135,-56
415829100,-3228,1632,15464,-100,20,32
415832484,-3308,-752,16448,-94,334,-30
415835953,-4020,388,16116,-205,286,-69
415839448,-2836,-768,16340,-352,467,-367
415843067,-2940,1024,15396,-117,193,-159
415846711,-2932,1940,16100,-115,62,-71
415850180,-3660,-644,16012,32,-125,118
415853651,-3684,1120,15212,85,-46,93
415856947,-3220,-1016,16544,45,13,0
415860157,-2184,1524,15520,-216,253,-236
415863847,-3216,1048,16072,-115,85,-54
415867305,-2528,1636,15084,-148,185,-54
415870827,-3064,1800,15448,89,109,222
415874210,-4028,-764,16352,-61,270,95
415877594,-3796,376,16092,-30,193,-44
415880977,-2588,1180,16044,-232,190,-384
415884620,-2768,1612,15444,5,-178,-6
415887920,-3304,1424,15172,-9,-73,-130
415891411,-3592,-164,16236,105,-185,100
415894944,-3616,204,15908,-46,120,176
415898327,-2260,-688,16172,-241,135,-455
415901970,-2604,1616,15400,-249,287,-120
415905614,-2532,1316,15960,-199,283,-169
415909257,-2932,1020,15324,-59,-23,-105
415912818,-3616,2272,15480,-72,48,51
415916135,-4024,-1240,16272,84,-75,83
415919494,-3620,848,15684,-68,159,-97
415922877,-3068,296,16108,-125,-52,-285
415926434,-2164,1724,15624,-61,-23,-135
415929991,-3524,1244,16056,-90,96,16
415933287,-3308,-332,16280,-12,221,-9
415936670,-4404,236,16396,93,140,284
415939991,-3068,-1192,16544,-373,381,-345
415943697,-2824,1024,15488,-39,206,-156
415947254,-2768,1664,15960,-198,30,-146
415950811,-3680,-208,15860,60,-181,98
415954194,-3388,1428,15212,60,43,103
415957490,-3312,-1220,16632,-98,-63,-250
415961134,-3360,156,15904,-173,411,-191
415964739,-2692,996,16048,-232,66,-439
415968196,-2684,1536,15228,-134,260,-36
415971717,-3060,1936,15356,-147,258,-104
415975361,-3868,-356,16176,17,134,149
415978744,-3644,1760,15404,-17,266,242
415982214,-3556,-1496,16796,-185,11,-364
415985858,-3392,576,15996,-128,156,-147
415989439,-2932,972,15948,-100,-88,-219
415992971,-2240,1660,15548,60,-179,-28
415996441,-3324,1364,15304,-84,101,101
415999911,-3508,-1096,16416,-54,221,-106
416003555,-3952,624,16392,82,173,198
416006851,-2788,-780,16180,-392,401,-341
416010495,-2868,1192,15372,-119,143,-222
416014163,-2880,2304,16040,-118,83,4
416017435,-3968,-1072,16144,107,-212,149
416021078,-3676,1248,15388,64,12,104
416024375,-3184,-1020,16540,38,-18,46
416027758,-3184,304,15892,-238,251,-309
416031315,-2828,1652,15856,-235,184,-420
416034958,-2608,1368,15152,-33,92,76
416038279,-3244,1912,15376,-148,261,-115
416041898,-3920,-312,16268,23,169,230
416045281,-4024,-508,16368,102,140,257
416048751,-2968,-620,16400,-302,152,-530
416052395,-3076,1100,15344,-104,-55,-50
416055952,-3000,1100,15736,-110,-17,-250
416059595,-2464,1892,15616,45,-183,57
416063079,-3596,756,15512,-13,198,185
416066362,-2336,-244,16220,-146,290,-235
416070044,-3468,728,15932,-263,364,-78
416073475,-2848,-488,16120,-350,436,-387
416077119,-2788,1380,15424,33,-66,-57
416080502,-2980,2356,16044,-54,39,108
416083885,-4080,-1396,16408,59,-41,13
416087268,-3376,860,15780,45,15,53
416090421,-3236,-808,16532,-149,-2,-321
416093948,-2296,1684,15524,-31,-87,-115
416097505,-3032,1836,15892,-103,114,43
416100975,-3708,-996,16408,-67,248,-79
416104445,-3396,1464,15788,28,220,132
416107828,-2980,-836,16380,-319,323,-278
416111472,-3728,92,16048,-80,203,-167
416114879,-2640,1988,16008,-159,4,-90
416118238,-3752,-620,15856,124,-203,135
416121795,-3532,1176,15520,27,36,31
416125005,-3360,-1108,16628,64,-192,74
416128475,-2972,324,15648,-254,397,-294
416132031,-2968,1296,15900,-178,-1,-376
416135588,-2448,1548,15392,-80,263,-10
416139083,-3120,1784,15600,-109,216,-34
416142615,-3800,-736,16308,-37,205,140
416146085,-3868,220,16084,3,283,260
416149295,-3284,-1236,16692,-272,50,-462
416152938,-2836,1608,15264,-112,130,-167
416156582,-2940,1216,15664,-87,-141,-195
416160225,-2596,1564,15580,117,-167,51
416163742,-3480,1024,15532,-109,159,176
416167252,-3548,-1388,16624,-105,251,-209
416171017,-3376,800,16008,33,276,122
416174279,-2600,-492,16040,-343,310,-321
416177922,-2948,1288,15276,-123,219,-273
416181566,-2876,2396,15880,-96,-24,89
416184949,-4116,-1280,16588,123,-147,185
416188617,-3916,1012,15492,28,56,56
416191802,-2964,-872,16324,-18,-175,-88
416195359,-2552,920,15588,-266,368,-348
416198916,-3092,1528,15864,-123,-41,-278
416202559,-2652,1292,15316,-50,239,28
416205942,-2528,2164,15388,-97,160,45
416209325,-4096,-1204,16760,-93,310,118
416212886,-3656,76,15996,31,287,112
416216117,-2896,-132,16424,-299,8,-402
416219562,-3076,988,15356,72,-90,93
416222772,-3588,1420,15376,-34,-129,-90
416226328,-3804,-980,16556,109,-43,127
416229799,-3156,216,15936,-122,246,29
416233182,-2244,100,15888,-139,26,-325
416236652,-2544,1364,15320,-262,425,-135
416240320,-2616,2032,15936,-85,169,-33
416243765,-4024,-932,16364,57,22,105
416247062,-3756,1556,15620,2,123,226
416250358,-3448,-1148,16468,-200,161,-380
416254089,-3084,756,15636,-186,88,-212
416257559,-2732,1452,15596,-167,-73,-388
416261202,-2728,1568,15716,86,-97,62
416264546,-3432,1120,15452,-124,21,124
416267969,-3300,-1144,16648,-56,325,-123
416271647,-3660,636,16152,-21,229,163
416274995,-2536,-292,16200,-289,312,-360
416278639,-2632,1360,15300,-141,300,-263
416282282,-3188,2300,15920,-38,-45,93
416285666,-3076,848,15588,125,-80,175
416289073,-3940,1064,15368,49,-55,86
416292345,-3280,-1180,16480,-114,33,-326
416295989,-2476,800,15656,-303,307,-314
416299546,-3104,1540,15696,-103,-62,-279
416303189,-2672,1300,15328,-52,254,79
416306572,-2648,2168,15476,-72,105,86
416309956,-3932,-1376,16832,-88,342,31
416313450,-3788,408,15892,-15,202,141
416316809,-2848,-656,16416,-256,75,-406
416320366,-2976,1440,15404,-170,94,-184
416323922,-2844,1844,15340,5,-160,-75
416327306,-3764,-920,16524,167,-199,131
416330862,-3552,536,15692,-137,205,35
416334246,-2296,-60,15744,-81,222,-249
416337719,-3064,780,16128,-341,388,-162
416341297,-2564,1996,15904,-374,316,-437
416344916,-2824,1148,15108,56,61,81
416348126,-3724,1532,15856,-21,128,235
416351596,-4280,-1728,16792,33,101,-48
416355065,-3244,940,15552,-119,10,-102
416358536,-2992,-600,16272,-157,-7,-368
416362092,-2652,1588,15520,37,-177,16
416365523,-2992,1652,15676,-116,45,78
416368859,-3432,-852,16476,-60,318,-91
416372364,-3908,1024,15948,42,141,217
416375712,-2736,-544,15832,-366,466,-397
416379356,-3380,460,15740,-137,133,-244
416382912,-2848,2088,15968,-73,44,43
416386209,-3940,-1000,16104,48,-94,107
416389703,-3704,996,15544,95,-34,116
416392975,-3204,-976,16452,-189,18,-356
416396532,-2612,760,15512,-266,259,-322
416400089,-3232,1260,15916,-112,63,-271
416403646,-2476,1452,15304,-110,159,-27
416407202,-3356,1788,15792,-78,132,-6
416410586,-4168,-892,16496,-80,342,134
416414080,-3868,-232,16212,78,104,215
416417439,-2816,-148,16312,-332,152,-460
416421082,-2984,988,15380,-101,-40,-70
416424552,-2948,1408,15548,-43,-41,-200
416428109,-3704,-432,16500,85,-215,96
416431492,-3808,560,15704,-63,228,99
416434789,-2168,-176,15864,-182,18,-392
416438370,-3444,604,16064,-313,343,-153
416441902,-2596,1944,16092,-318,472,-370
416445546,-2900,1004,15172,-12,-60,16
416448929,-3708,1908,15888,-32,71,123
416452312,-4200,-1236,16420,36,-55,19
416455696,-3400,496,15704,-140,173,-162
416459252,-3092,-544,16380,-188,4,-356
416462726,-2428,1700,15564,69,-160,-7
416466153,-3032,1576,15684,-111,139,58
416469576,-3492,-776,16612,-40,235,-71
416473081,-3880,1236,15908,111,160,258
416476516,-2648,-784,16220,-408,390,-397
416480159,-3748,380,15884,-55,164,-126
416483629,-2796,1568,16184,-200,91,-147
416487186,-2736,1824,15292,69,-178,73
416490594,-3864,688,15428,89,75,150
416493779,-3136,-688,16432,-38,-131,-109
416497422,-2816,612,15592,-215,374,-225
416500979,-2456,-340,15752,-178,37,-418
416504536,-2424,1684,14964,-60,202,27
416507919,-2600,1844,15824,-81,214,34
416511302,-3860,-624,16492,-91,211,90
416514710,-3868,-104,16032,116,197,323
416518156,-3144,-1140,16792,-294,79,-504
416521799,-3004,1464,15844,-132,24,-166
416525356,-2936,1136,15680,-80,-74,-180
416528913,-2728,1536,15668,76,-182,10
416532296,-3460,940,15320,-60,220,159
416535679,-2520,-660,16196,-70,225,-104
416539260,-3724,512,16340,-248,441,-170
416542792,-2396,-100,15840,-388,438,-443
416546436,-2940,956,15264,16,-19,9
416549559,-3472,2164,15632,-109,104,29
416553029,-3916,-988,16244,95,-103,103
416556499,-3504,420,15856,86,64,106
416559709,-2800,920,15796,-154,-70,-360
416563325,-2176,1604,15660,14,3,-56
416566475,-3272,1476,15296,-125,34,18
416569859,-3612,-644,16304,-7,274,-16
416573277,-4208,448,16428,-171,332,-2
416576625,-2460,892,16144,-364,402,-417
416580182,-3104,1056,15480,-62,125,-112
416583739,-2696,1504,16044,-154,-2,-111
416587295,-3756,-304,15708,144,-8,189
416590703,-3532,1196,15308,41,-17,79
416593975,-3468,-1044,16480,-73,-81,-240
416597619,-3268,192,15836,-286,447,-257
416601175,-3080,972,15980,-72,-42,-57
416604559,-3160,128,15840,-141,344,-57
416608029,-2996,1940,15384,73,16,197
416611325,-3600,-1376,16772,1,230,175
416614733,-4004,616,15904,-13,182,19
416618005,-2644,384,15968,-214,78,-326
416621475,-3164,1144,15200,-117,-7,-101
416625032,-3384,1512,15144,149,-151,174
416628588,-3704,-448,16416,82,-32,62
416631885,-3472,556,15636,-147,261,-56
416635355,-2728,228,15936,-135,105,-333
416638936,-2468,1840,15172,-270,293,-181
416642555,-2476,1444,16056,-141,208,-178
416646198,-3532,88,15684,-69,119,-79
416649495,-3232,2472,15496,-10,15,193
416652878,-4056,-1912,16880,-91,114,-200
416656522,-3784,-48,16032,-180,93,-230
416659992,-2716,1132,15776,-57,-72,-155
416663596,-2280,1196,15616,-52,-21,-57
416667019,-3172,2092,15236,-70,51,135
416670402,-3408,-376,16172,-18,323,95
416673820,-4452,260,16468,-132,274,-8
416677168,-2360,796,16016,-348,482,-325
416680725,-3116,932,15404,-49,29,-171
416684108,-3256,2548,15656,-132,43,-195
416687669,-3380,-32,15684,95,-107,190
416691073,-4116,452,15820,83,-110,94
416694345,-3272,-1164,16312,-124,5,-241
416697902,-2244,1312,15448,-157,94,-243
416701458,-2788,1036,15900,-113,100,-128
416705102,-3268,368,15576,-171,169,-32
416708572,-2964,2064,15464,67,137,188
416711955,-3692,-1560,16808,-39,170,125
416715536,-4164,740,16016,22,206,78
416718722,-2568,180,16128,-280,92,-409
416722191,-2636,1712,15392,-103,-90,-155
416725835,-3176,1608,15160,100,-63,127
416729305,-3652,-188,16188,65,-178,61
416732688,-3664,428,15832,-103,351,-23
416736158,-2684,-1068,16392,-163,98,-352
416739826,-2576,1628,15416,-265,357,-203
416743445,-2472,1136,16088,-188,314,-243
416747089,-2968,992,15276,-64,11,-122
416750472,-3236,2700,15528,-1,99,216
416753769,-4260,-1952,17076,-57,-11,-133
416757412,-3936,12,15836,-125,161,-159
416760882,-2748,756,15992,-163,11,-325
416764399,-2192,1408,15488,-98,-14,-151
416767909,-3040,2088,15352,-105,112,-92
416771466,-3292,-216,15752,-14,217,106
416774970,-4476,432,16516,97,114,230
416778232,-3160,-1236,16764,-335,378,-262
416781962,-3948,372,16056,-28,235,0
416785172,-2792,876,16036,-228,68,-266
416788667,-3284,532,15536,119,-132,183
416792112,-3292,1556,15156,101,-20,104
416795582,-3600,-1256,16596,-96,-102,-181
416799312,-3652,176,15888,-162,364,-101
416802869,-2704,792,16008,-251,150,-449
416806426,-2652,1524,15544,-145,292,-117
416810069,-2448,1344,16040,-207,338,-206
416813737,-3460,60,15600,-30,-18,-92
416817009,-3516,2132,15596,39,151,252
416820393,-3820,-1732,16780,-128,27,-276
416824036,-3812,396,15720,-100,139,-138
416827593,-2800,656,15940,-184,-36,-321
416831150,-2064,1640,15484,-38,-52,-116
416834706,-3060,1708,15104,-101,103,-37
416838288,-3460,-436,16308,-23,227,43
416841646,-4364,372,16420,84,192,243
416844943,-3068,-964,16320,-348,361,-317
416848586,-2804,980,15524,-56,229,-101
416852056,-2652,1552,15824,-201,59,-208
416855613,-3504,-44,15648,52,-173,32
416858910,-3464,1532,15372,51,23,95
416862119,-3424,-1200,16444,-107,-98,-247
416865897,-3260,344,15840,-155,356,-185
416869406,-2968,660,16116,-137,-22,-132
416872963,-2600,1560,15424,-179,250,-76
416876555,-2920,2060,15308,-135,282,-106
416880163,-3652,-212,15924,-15,101,145
416883633,-3964,440,16132,55,195,283
416886930,-3628,-1816,16996,-194,61,-384
416890598,-2816,1476,15500,-147,136,-145
416894217,-2836,980,15992,-124,-128,-233
416897860,-2180,1608,15704,-14,-120,-47
416901417,-3324,1616,15136,-80,90,78
416904714,-3404,-852,16452,-35,228,-75
416908184,-4196,416,16192,-193,420,-25
416911654,-2892,-852,16344,-352,378,-407
416915322,-2860,1200,15396,-126,219,-171
416918940,-2696,1996,15988,-142,39,-76
416922411,-3764,-508,15872,44,-199,101
416925881,-3484,1400,15108,68,52,65
416929090,-3324,-1056,16400,-100,-88,-258
416932821,-3124,272,15724,-193,380,-232
416936377,-2968,1244,15792,-209,91,-406
416939959,-2528,1552,15428,-121,174,-25
416943491,-2632,1912,15876,-133,272,-15
416947048,-3880,-780,16380,-9,135,147
416950431,-3844,1640,15464,36,227,248
416953814,-3432,-1564,16904,-248,55,-423
416957458,-3488,820,15708,-99,76,-91
416960754,-2756,724,15960,-138,-75,-286
416964359,-3604,568,16012,2,-201,-45
416967607,-3508,760,15424,-16,207,201
416970991,-2308,-348,15932,-263,93,-466
416974547,-3804,632,16124,-133,381,-2
416977965,-2588,1084,16084,-267,244,-319
416981574,-2700,1400,15344,-24,56,-76
416984957,-3676,2088,15444,48,104,327
416988365,-3888,-1076,16268,45,-72,52
416991724,-3712,708,15856,-95,194,-70
416995107,-2980,348,16188,-139,-90,-321
416998664,-2048,1792,15332,-45,20,-137
417002134,-3200,1724,15136,-143,19,-27
417005604,-3456,-408,15860,16,278,61
417008900,-4240,528,16224,-102,264,10
417012284,-3364,-1184,16700,-288,334,-269
417016038,-2992,892,15748,-59,324,-118
417019484,-2620,1424,15952,-193,3,-197
417022954,-3508,32,15808,57,-90,76
417026077,-3948,768,15828,37,-82,75
417029287,-3484,-1316,16608,-70,-62,-182
417032930,-2004,1500,15536,-270,416,-237
417036574,-2892,768,16104,-68,-74,-97
417039981,-3116,440,15596,-219,361,-125
417043514,-2948,2160,15512,36,34,220
417046810,-3840,-1512,16840,-249,493,-151
417050540,-4212,416,16136,-12,198,13
417053837,-2508,628,16104,-227,112,-365
417057394,-2628,1648,15208,-78,-41,-48
417060863,-3052,1748,15068,-98,-134,-232
417064608,-3400,476,16300,147,-85,156
417067890,-3800,20,15780,-111,92,176
417071187,-2544,-940,16188,-148,177,-377
417074830,-2592,1476,15624,-208,369,-57
417078426,-2588,960,16012,-215,254,-254
417081944,-3124,552,15328,-85,180,-175
417085414,-3500,2336,15512,25,10,297
417088735,-4104,-1940,17016,152,-10,172
417092267,-3956,468,16004,-115,57,-76
417095650,-2956,92,16128,-124,13,-302
417099034,-1956,1772,15600,-154,50,-220
417102590,-3040,1792,15376,-40,99,204
417105974,-3352,-228,15876,-52,307,13
417109357,-4316,520,16300,-27,224,123
417112743,-2464,212,15980,-281,465,-276
417116321,-2996,924,15436,-96,89,-220
417119680,-3208,2260,15760,-176,60,-240
417123237,-3296,448,15632,93,-133,182
417126620,-4092,560,15856,75,-109,105
417130003,-3500,-1172,16448,-103,-2,-178
417133647,-2156,1216,15328,-182,279,-161
417137290,-2824,948,15884,-97,95,-193
417140698,-3180,564,15540,-224,256,-123
417144230,-2708,2176,15448,9,158,135
417147527,-3940,-1480,16884,-227,298,-109
417151257,-4096,476,16032,6,215,68
417154380,-2728,232,16108,-277,78,-376
417157850,-2888,1344,15512,-80,-68,-109
417161407,-3040,1780,15340,2,-27,13
417164664,-3608,-1000,16668,127,-229,162
417168260,-3896,140,15876,-119,377,-3
417171643,-2360,248,15784,-195,181,-313
417175200,-2836,1112,15576,-255,379,-198
417178879,-2372,828,15836,-311,364,-334
417182400,-3088,636,15136,36,-14,142
417185697,-3444,2368,15568,13,83,251
417189018,-4040,-1804,16832,-77,-34,-178
417192637,-3960,944,15752,23,83,97
417195760,-3056,-740,16524,-178,-34,-409
417199403,-2600,2196,15564,-252,101,-358
417203047,-3288,1724,15388,-43,106,266
417206517,-3052,-1176,16632,-46,236,5
417209900,-4116,948,16088,-4,281,231
417213221,-2584,-328,16272,-374,348,-448
417216840,-3052,880,15276,-113,223,-242
417220397,-2956,2384,15836,-218,69,-296
417223954,-3284,568,15420,140,-136,169
417227423,-4008,776,15648,42,-54,38
417230633,-3532,-1168,16592,-33,-126,-144
417234364,-2276,1120,15528,-166,416,-139
417238032,-2568,484,15960,-119,-63,-199
417241564,-2436,1556,15356,-236,316,-137
417245207,-2704,2088,15508,-225,330,-217
417248851,-3384,308,15576,-9,74,142
417252061,-4172,744,15948,36,258,157
417255357,-2720,-148,16236,-159,13,-297
417258914,-2900,1500,15492,-103,6,-119
417262387,-3000,1664,15188,-127,-69,-260
417266074,-3128,960,15980,143,-190,127
417269497,-3312,1876,15024,-110,155,202
417273054,-2856,-1128,16460,-142,136,-329
417276784,-4368,448,16308,-71,357,91
417280116,-2492,508,16152,-355,411,-313
417283638,-2896,988,15396,-72,103,-192
417287108,-3228,2472,15528,-197,96,-178
417290689,-3592,-76,15796,138,-153,154
417294134,-3916,748,15800,73,37,75
417297257,-3148,-480,16412,-43,-142,-171
417300901,-2156,1380,15588,-223,229,-323
417304544,-2948,1044,15828,-117,-54,-116
417308188,-3140,252,15760,-120,215,-62
417311658,-2740,2216,15424,-24,178,151
417315152,-3752,-1572,16712,19,108,161
417318598,-4108,364,16144,-25,318,-11
417321981,-2700,556,16284,-205,36,-363
417325451,-2772,1356,15292,-24,2,-88
417328748,-3156,1808,14984,17,-145,-7
417332131,-3760,-1160,16620,181,-205,190
417335774,-3696,232,15864,-222,355,-93
417339269,-2564,-772,16144,-138,85,-342
417342801,-2684,1292,15568,-304,384,-163
417346445,-2568,1104,16192,-273,247,-263
417350088,-2756,1172,15372,1,36,-102
417353385,-3360,2340,15568,-12,71,224
417356768,-3980,-1912,16892,-53,62,-213
417360325,-3980,456,16000,-91,170,-81
417363755,-2796,448,16236,-124,-100,-308
417367351,-2204,1600,15464,-78,104,-186
417370908,-3096,1720,15260,-131,-9,-91
417374378,-3400,4,15900,-8,236,87
417377414,-4244,476,16492,-89,251,57
417380746,-2392,376,16056,-288,373,-245
417384268,-3068,780,15672,-129,189,-242
417387828,-3120,2416,15736,-218,-12,-272
417391492,-3300,296,15632,133,-60,179
417394851,-4148,500,15960,79,-122,131
417398234,-3544,-1320,16700,-77,-27,-221
417401878,-2040,1240,15356,-235,423,-151
417405521,-2836,780,15836,-101,-47,-182
417409078,-2468,1568,15424,-197,308,-102
417412725,-2692,2256,15436,-218,278,-178
417416390,-3832,-188,15776,53,123,196
417419748,-4144,616,16080,-23,167,276
417423132,-3776,-1792,17136,-159,56,-325
417426775,-2836,1264,15500,-101,174,-137
417430419,-2976,768,15840,-114,-146,-231
417434062,-2164,1820,15488,-8,-41,-57
417437449,-3236,1496,15188,-112,82,145
417440940,-3488,-696,16312,-32,259,-13
417444385,-4324,132,16424,-175,400,-15
417447855,-2952,-964,16280,-395,353,-410
417451499,-3128,1160,15416,-56,217,-149
417455056,-2764,1608,15872,-159,0,-137
417458526,-3508,-180,15912,47,-167,45
417461909,-3372,1716,15220,25,-41,91
417465253,-3684,-1504,16324,-62,-54,-221
417468849,-3176,-160,16024,-312,427,-359
417472492,-2920,1684,15836,-235,57,-404
417476049,-2612,1080,15344,-65,199,29
417479432,-2944,2344,15564,-165,269,-143
417483111,-3920,-564,16284,32,151,225
417486459,-4128,180,16136,49,224,247
417489780,-3464,-1284,16708,-224,24,-407
417493399,-2944,1332,15516,-149,109,-160
417497043,-2816,1120,15812,-103,-112,-159
417500773,-2556,1640,15528,85,-148,55
417504156,-3468,964,15448,-103,170,154
417507626,-3304,-1020,16628,-87,245,-106
417511269,-3932,396,16140,-223,441,-55
417514764,-2744,-564,16120,-365,342,-425
417518383,-2908,1264,15316,-113,234,-228
417522027,-2948,2128,15880,-100,-11,15
417525497,-3196,1088,15500,116,-192,177
417529053,-3776,892,15424,15,85,75
417532176,-3180,-1004,16304,-128,-105,-289
417535993,-2696,528,15688,-229,368,-275
417539575,-2332,-16,15832,-195,32,-356
417543020,-2672,1392,15196,-64,186,48
417546403,-2616,2004,15688,-95,239,62
417549787,-4088,-1140,16728,-103,221,40
417553343,-3672,152,15828,60,233,187
417556640,-2956,-772,16476,-266,34,-440
417560197,-2944,1524,15228,-136,68,-167
417563813,-2808,1552,15468,-42,-147,-97
417567310,-3804,-448,16628,126,-210,84
417570780,-3820,700,15576,-103,267,114
417574250,-2156,-216,15928,-115,193,-240
417577894,-3240,972,16112,-278,446,-145
417581450,-2576,-24,16132,-377,330,-376
417585042,-2816,1004,15020,-116,119,-228
417588675,-3132,2324,15644,-66,78,101
417592034,-4068,-1316,16680,101,-186,163
417595677,-3976,528,15612,35,159,94
417598887,-3112,-500,16212,-152,-106,-361
417602617,-2180,1284,15500,-199,203,-288
417606261,-2712,424,15840,-117,45,-219
417609731,-3000,988,15404,-21,142,41
417613052,-3808,1192,15920,6,190,164
417616324,-4196,-1596,16952,-222,305,-61
417619967,-3184,464,15968,24,250,57
417623177,-2844,-152,16324,-298,39,-391
417626734,-2928,1156,15340,96,-128,99
417630117,-2896,1556,15512,-72,-59,-145
417633674,-4180,-800,16364,158,-162,171
417637231,-4040,-440,16108,-99,336,0
417640552,-2260,776,15504,-188,-18,-322
417644084,-3080,1064,15832,-174,323,-34
417647641,-2356,1860,15876,-206,224,-156
417651284,-2924,1396,15092,73,-53,167
417654667,-4184,944,15784,-13,207,196
417658051,-3940,-1888,16948,-55,-18,-183
417661694,-3148,1124,15636,-149,110,-103
417665385,-2968,-520,16364,-162,-99,-377
417668981,-2052,1472,15368,-161,140,-269
417672625,-3188,1728,15548,-129,78,139
417676095,-3136,236,15672,16,182,87
417679304,-4124,836,16228,-48,277,186
417682688,-2540,-240,16020,-239,332,-113
417686366,-3376,476,15652,-72,215,-231
417689837,-3020,2364,15740,-307,43,-369
417693362,-3216,660,15464,149,-143,202
417696828,-3900,784,15492,19,-54,17
417700038,-3748,-1068,16416,1,-121,-66
417703508,-2448,632,15732,-294,333,-335
417707064,-2420,316,15756,-159,-25,-309
417710621,-2880,1104,15276,-210,302,-123
417714289,-2588,2180,15480,-52,128,41
417717648,-4068,-1388,16696,52,33,140
417721031,-3988,1000,15900,3,250,162
417724327,-2740,-444,16344,-273,61,-421
417727884,-2976,1100,15512,-160,93,-215
417731441,-2772,1968,15184,30,-190,9
417734737,-3636,-936,16456,155,-217,153
417738319,-3752,800,15756,-111,221,64
417741677,-2368,-336,15684,-92,177,-242
417745234,-3060,932,15924,-351,427,-191
417748791,-2552,428,15964,-324,283,-353
417752348,-2912,904,15264,45,71,87
417755471,-3624,1640,15520,-74,32,157
417758854,-4228,-1556,16792,46,22,-22
417762237,-3248,692,15668,-187,55,-192
417765754,-3016,-336,16440,-123,-82,-338
417769351,-2632,1472,15908,23,-117,12
417772734,-3196,1632,15740,-108,19,90
417776117,-3384,-1084,16676,-107,356,-111
417779848,-4080,900,16044,0,138,183
417783057,-2720,-432,16108,-310,418,-386
417786736,-3304,440,15740,-130,225,-241
417790282,-2964,2184,15920,-84,10,24
417793554,-3040,1124,15476,105,-56,134
417797024,-3704,972,15352,21,-14,68
417800234,-3216,-896,16544,-135,15,-299
417803790,-2596,572,15600,-317,281,-326
417807347,-3284,1324,15892,-96,-16,-282
417810904,-2584,1292,15456,-115,209,-20
417814485,-2392,2328,15500,-52,96,69
417817757,-4356,-1224,16708,-117,330,45
417821314,-3620,292,16004,25,129,218
417824611,-3064,-892,16644,-260,193,-441
417828254,-2752,1568,15324,-215,30,-198
417831811,-2808,1364,15400,22,-114,-60
417835281,-3792,-452,16508,55,-133,39
417838689,-3616,860,15360,-63,195,147
417842047,-2148,-332,15924,-215,92,-428
417845604,-3336,832,16004,-285,305,-157
417849161,-2512,1516,16020,-307,388,-364
417852804,-2840,1076,15176,-41,-19,-39
417856274,-3680,1952,15508,-36,5,128
417859571,-4140,-1392,16588,18,10,9
417862784,-3440,616,15836,-142,122,-169
417866384,-3096,-632,16436,-149,30,-352
417869894,-2472,1700,15644,4,-203,-16
417873277,-3264,1740,15512,-65,72,92
417876574,-3468,-1140,16628,-69,224,-97
417880131,-4016,684,16328,65,194,222
417883427,-2912,-848,16284,-350,393,-361
417887106,-2800,1344,15360,-155,191,-255
417890739,-3032,2036,16036,-96,70,34
417894011,-3880,-820,16336,78,-197,87
417897394,-3552,1200,15300,85,71,116
417900690,-3352,-1204,16440,-140,-60,-318
417904421,-2924,448,15916,-272,369,-331
417907977,-3028,1376,15824,-173,82,-323
417911534,-2656,1436,15356,-54,172,-1
417914942,-3184,1708,15572,-89,243,-15
417918387,-4040,-824,16432,-60,194,82
417921771,-3908,132,16112,-61,305,-89
417925154,-3264,-1296,16524,-306,79,-490
417928797,-2832,1616,15332,61,-92,86
417932094,-2964,1140,15556,-60,-124,-125
417935737,-3528,-184,16456,100,-117,126
417939319,-3672,720,15296,-85,276,164
417942677,-2380,-428,16140,-172,-21,-402
417946321,-3608,528,16092,-271,457,-96
417949791,-2596,1672,16012,-367,402,-456
417953434,-2920,1148,15060,20,-22,17
417956731,-3680,1900,15612,-66,81,72
417960027,-3952,-1112,16336,57,-60,27
417963459,-3368,500,15720,-137,177,-154
417966967,-2980,-608,16620,-165,-123,-356
417970697,-2304,1892,15588,-275,293,-322
417974341,-3224,1524,15720,-94,31,83
417977638,-3456,-836,16340,-28,310,-56
417981108,-3520,1340,15744,49,205,238
417984491,-2852,-860,16272,-363,363,-391
417988177,-3476,432,15816,-88,290,-158
417991604,-2916,1804,16048,-268,35,-434
417995161,-2920,1192,15472,60,-84,58
417998458,-3484,1332,15168,48,-59,99
418001754,-3316,-1184,16420,124,-153,69
418005311,-3172,320,15856,-319,348,-307
418008868,-2204,140,15816,-181,10,-374
418012341,-2400,1480,15404,-140,282,-4
418015832,-2596,1928,15728,-138,157,-49
418019364,-3900,-720,16240,25,271,174
418022748,-3952,1220,15644,3,179,244
418026044,-3236,-972,16652,-234,83,-412
418029601,-3040,1340,15492,-143,135,-128
418033244,-3000,1196,15864,-52,-173,-156
418036888,-2568,1708,15672,62,-75,59
418040209,-3528,780,15424,-66,124,143
418043567,-2228,-368,16092,-92,284,-160
418047124,-3712,568,16100,-289,418,-104
418050681,-2636,-464,16056,-352,336,-446
418054325,-2840,1172,15320,-41,123,-32
418057794,-3116,2044,15884,-112,-28,48
418061265,-3872,-1024,16532,129,-26,89
418064837,-3892,728,15516,1,63,64
418067771,-3296,-892,16364,-113,-29,-327
418071414,-2096,1624,15648,-304,348,-357
418075058,-3192,1692,15628,-88,9,39
418078268,-3568,-780,16384,-40,351,-18
418081738,-3356,1644,15604,72,68,206
418085034,-3052,-988,16452,-322,451,-354
418088723,-3708,152,15948,-129,261,-166
418092234,-2580,1692,15724,-264,39,-450
418095791,-2988,1404,15316,60,-89,120
418099174,-3688,1184,15256,77,-61,100
418102557,-3688,-612,16304,85,-53,43
418105854,-3096,268,15672,-250,268,-276
418109411,-2940,1304,15832,-164,59,-389
418112992,-2436,1620,15140,-148,192,-25
418116524,-2720,1532,15920,-160,196,-129
418120168,-3876,-384,16284,31,71,73
418123378,-4048,1264,15708,3,126,249
418126674,-3224,-880,16696,-223,120,-426
418130318,-3028,1288,15536,-179,70,-139
418133874,-2976,1168,15756,-78,-82,-241
418137434,-2228,1868,15472,35,-124,14
418140839,-3588,952,15360,-67,133,148
418144198,-2136,-452,16176,-59,352,-122
418147754,-3812,424,16208,-222,328,-52
418151224,-2600,1440,15892,-358,442,-449
418154868,-2592,1368,15348,-34,6,-68
418158164,-3632,2040,15528,-71,-3,23
418161461,-3916,-840,16284,64,-13,115
418164892,-3744,460,15852,-112,101,-107
418168401,-3228,-1048,16548,-142,55,-332
418172044,-2172,1708,15568,-239,226,-299
418175688,-3240,1416,15936,-97,102,4
418178984,-3584,-596,16380,-101,176,59
418182454,-3312,1668,15596,75,147,247
418185837,-3224,-1188,16584,-379,417,-323
418189610,-3800,312,15744,-76,200,-126
418193038,-2688,1360,15924,-227,138,-433
418196681,-2828,1540,15476,43,-175,24
418200065,-3324,1376,15224,8,-107,-72
418203448,-3632,-508,16444,80,-140,69
418206831,-3396,240,15768,-54,187,136
418210214,-2356,-492,16100,-204,91,-390
418213795,-2464,1576,15284,-149,225,-40
418217328,-2568,1680,15776,-155,293,-119
418220971,-3836,-608,16128,2,-58,7
418224094,-3632,1984,15512,-3,191,223
418227478,-3616,-1648,16856,-180,44,-364
418231121,-3432,576,15752,-162,145,-193
418234678,-2820,1080,15812,-95,-100,-199
418238346,-2444,1464,15728,2,-126,-60
418241705,-3476,1352,15444,-63,210,187
418245175,-3484,-848,16532,-97,248,-83
418248645,-3932,508,16232,-170,383,-66
418252115,-2908,-828,16352,-365,439,-363
418255758,-2776,1256,15424,-104,190,-203
418259401,-3056,1916,15932,-146,87,-32
418262920,-2976,1224,15504,38,-191,66
418266255,-3756,1084,15292,102,51,124
418269638,-3148,-1088,16488,42,-114,41
418273108,-2936,324,15764,-235,338,-290
418276665,-3140,1428,15892,-180,125,-391
418280308,-2556,1280,15320,-92,129,2
418283605,-3112,1964,15448,-78,252,15
418286988,-3968,-1084,16592,-55,179,104
418290586,-3864,308,16108,65,208,214
418293841,-3184,-1020,16684,-286,80,-404
418297485,-2876,1388,15432,47,-112,31
418300868,-2940,1492,15592,-51,-88,-88
418304338,-3680,-448,16628,119,-146,98
418307808,-3672,892,15400,-74,267,131
418311191,-2272,-408,16068,-157,28,-394
418314773,-3476,656,16072,-268,453,-126
418318305,-2708,1668,15952,-187,201,-130
418321948,-2732,1212,15276,58,-14,6
418325158,-3796,1892,15588,-12,144,256
418328628,-3448,-1656,16848,66,-48,32
418332011,-3456,648,15732,-187,187,-163
418335568,-2864,1028,15772,-158,-88,-371
418339236,-2280,1780,15552,5,-57,-56
418342508,-3276,1508,15344,-132,37,87
418345891,-3396,-1032,16556,-27,274,-78
418349448,-4032,516,16104,34,229,198
418352745,-2876,-892,16352,-352,317,-352
418356388,-2768,1336,15500,-112,310,-221
418360032,-2784,1936,15764,-92,-47,-22
418363550,-2904,1224,15416,97,-118,108
418366972,-3616,1220,15360,38,-29,108
418370355,-3296,-1032,16396,54,-165,49
418373825,-2904,252,15708,-292,418,-340
418377382,-3064,1392,15984,-150,-49,-343
418381025,-2508,1368,15464,-97,273,32
418384408,-3116,1936,15396,-150,211,-35
418387988,-4068,-888,16448,15,191,136
418391383,-3816,224,16044,-35,233,202
418394731,-3128,-1048,16620,-243,30,-434
418398375,-2812,1412,15340,-133,133,-141
418402019,-2836,1408,15628,-49,-182,-161
418405662,-2692,1520,15588,104,-158,67
418409132,-3520,932,15416,-110,171,97
418412519,-3244,-1040,16676,-43,182,-151
418416183,-3732,560,16164,18,295,244
418419455,-2620,-212,16096,-375,325,-433
418423099,-2716,1188,15320,-76,193,-194
418426655,-2912,2300,15868,-109,4,36
418429952,-3928,-1216,16284,122,10,95
418433335,-3792,840,15616,-16,80,79
418436545,-3208,-824,16440,-93,-90,-322
418440126,-2172,1712,15784,-277,404,-347
418443745,-3156,1748,15544,-104,-9,29
418447129,-3520,-936,16312,-15,186,75
418450512,-3536,1560,15652,29,141,231
418453895,-2932,-952,16420,-317,402,-339
418457539,-3800,156,16120,-124,283,-156
418461095,-2728,1632,15912,-285,38,-443
418464701,-3020,1396,15504,49,-30,84
418467949,-3420,1276,15188,-14,-200,-78
418471505,-3744,-508,16372,118,-79,81
418474889,-3340,176,15856,-240,283,-259
418478445,-2376,-180,16128,-162,17,-355
418482002,-2468,1596,15300,-332,517,-141
418485646,-2624,1860,15848,-73,110,-78
418489139,-2848,948,15188,18,89,68
418492274,-3628,1980,15360,2,105,220
418495535,-3616,-1704,16776,-167,121,-375
418499265,-3332,672,15744,-207,158,-195
418502822,-2972,948,15896,-133,-122,-340
418506465,-2220,1512,15660,26,-33,-47
418509849,-3436,1452,14936,-122,-21,73
418513343,-3468,-1004,16476,6,324,-32
418516702,-4224,388,16428,-236,318,-47
418520172,-2552,-728,16088,-386,422,-411
418523816,-2872,1172,15304,-69,219,-182
418527372,-2884,1896,16084,-159,-15,-75
418530929,-3644,-520,15824,72,-83,109
418534312,-3572,1220,15476,90,-29,105
418537699,-3216,-1112,16564,-87,35,-285
418541277,-2920,540,15880,-295,319,-289
418544809,-3084,1124,15932,-162,3,-298
418548279,-2460,1456,15400,-105,246,-62
418551836,-3220,1976,15368,-119,138,-20
418555393,-4156,-1044,16500,-34,307,121
418558949,-3876,1384,15652,4,188,164
418562246,-3244,-1104,16612,-207,109,-347
418566037,-3360,720,15544,-168,175,-212
418569533,-2796,1476,15552,-28,-193,-135
418573176,-2652,1456,15712,91,-84,68
418576473,-3612,984,15492,-78,91,124
418579769,-2332,-544,16192,-42,238,-115
418583326,-3552,616,16176,-301,352,-137
418586883,-2728,-320,16088,-332,322,-414
418590550,-2840,1184,15308,-108,255,-203
418594205,-3104,2196,15948,-55,-41,47
418597553,-3928,-1248,16592,141,-105,144
418601196,-3808,992,15344,27,14,76
418604319,-3252,-756,16328,-129,-30,-344
418607963,-2448,888,15384,-271,316,-316
418611520,-3356,1528,15632,-129,-35,-250
418615188,-2572,1236,15324,-24,210,31
418618547,-3544,1416,15752,-28,103,126
418622017,-4188,-1476,16852,-111,347,8
418625487,-3508,568,15904,-12,211,153
418628870,-2832,-516,16288,-260,100,-403
418632513,-2980,1392,15432,-136,88,-207
418636070,-2844,1784,15456,-4,-181,-33
418639565,-3732,-836,16528,163,-143,160
418643097,-3792,456,15728,-110,190,46
418646480,-2180,-40,15832,-120,192,-241
418650037,-3216,848,16016,-351,411,-213
418653594,-2416,236,16076,-286,265,-394
418657150,-2828,1028,15136,-32,121,73
418660534,-3200,2280,15792,-31,-36,101
418664052,-4144,-1476,16708,20,67,-32
418667387,-3188,740,15680,-13,67,33
418670597,-3232,-392,16328,-102,-33,-351
418674240,-2532,1524,15720,-258,243,-322
418677884,-3216,1768,15356,-80,27,127
418681267,-3316,-1044,16524,-44,279,45
418684737,-4108,984,15840,19,148,230
418688057,-2616,-416,16088,-350,448,-439
418691677,-3260,800,15656,-130,164,-160
418695269,-3000,1856,15896,-209,59,-342
418698790,-3104,1112,15400,48,-138,103
418702260,-3884,816,15360,54,-137,13
418705557,-3684,-896,16496,17,-35,-97
418708940,-2544,632,15556,-280,301,-270
418712500,-2316,220,15764,-93,79,-300
418715905,-2640,1440,15228,-81,122,14
418719263,-3528,1568,15688,-10,156,103
418722733,-4336,-1416,16716,-168,291,-12
418726377,-3756,1376,15792,40,120,161
418729760,-3112,-736,16532,-243,111,-435
418733404,-2956,1064,15536,-173,-3,-179
418736960,-2792,1508,15460,-8,-57,-45
418740368,-2808,1308,15748,80,-205,54
418743727,-3788,708,15612,-52,227,142
418747110,-2264,-272,15764,-162,271,-255
418750754,-3120,968,16016,-252,321,-158
418754310,-2448,252,16148,-338,432,-373
418757867,-2872,916,15236,2,-9,37
418760903,-3616,1816,15572,53,185,252
418764335,-4088,-1612,16724,15,-13,-34
418767756,-3188,876,15480,-131,137,-164
418771313,-3132,-384,16528,-123,-92,-296
418774957,-2552,1596,15728,-284,186,-316
418778600,-3192,1752,15504,-74,131,89
418781984,-3368,-908,16660,4,159,56
418785193,-4180,736,16188,28,225,210
418788513,-2292,-172,15980,-378,370,-447
418792133,-3384,424,15752,-57,155,-171
418795638,-3012,2192,15980,-131,46,29
418798987,-3884,-1176,16204,101,-220,194
418802630,-4008,736,15440,58,101,75
418805840,-3068,-948,16568,1,-131,-58
418809223,-2600,564,15680,-276,379,-309
418812804,-3416,1672,15616,-139,-23,-307
418816423,-2760,1224,15340,-26,176,32
418819807,-3532,1548,15524,-93,254,54
418823190,-4288,-1444,16860,-66,217,50
418826660,-3664,528,15816,-101,270,-153
418830216,-2996,-712,16340,-271,12,-398
418833773,-2864,1500,15436,-148,81,-211
418837334,-2776,1724,15384,-9,-147,-51
418840825,-3772,-768,16616,140,-213,109
418844357,-3768,556,15460,-120,262,107
418847827,-2272,-236,15916,-120,182,-250
418851470,-3472,1068,16052,-293,441,-134
418855114,-2688,-288,16256,-336,334,-399
418858757,-2776,1480,14996,-118,149,-345
418862404,-3288,2448,15684,-11,54,254
418865833,-3376,60,15628,127,-167,140
418869167,-3996,1108,15620,50,123,45
418872464,-3232,-904,16420,-159,-139,-379
418876194,-2312,1196,15572,-257,245,-372
418879838,-2584,688,15896,-109,80,-222
418883308,-3152,620,15356,-28,176,90
418886604,-3824,1132,16084,-15,201,100
418890097,-4088,-1372,16796,-196,276,-28
418893718,-3312,396,15884,3,231,58
418896876,-2676,192,16188,-292,75,-400
418900311,-3024,948,15528,100,-148,107
418903781,-2872,1604,15232,-12,-42,-38
418907251,-3804,-900,16468,42,-119,-18
418910721,-3736,276,15940,-89,328,12
418914042,-2528,44,15776,-143,-10,-314
418917487,-2772,1504,15396,-251,329,-164
418921131,-2568,1904,15664,-105,141,38
418924601,-4148,-1012,16676,38,12,103
418927984,-3944,1156,15816,-15,206,221
418931454,-3000,-696,16436,-38,-8,-153
418934924,-2988,888,15312,-159,133,-162
418938505,-2908,1608,15464,-134,-133,-329
418942211,-2800,1256,15612,147,-124,119
418945768,-3292,1760,15568,-119,35,149
418949238,-3196,-1212,16912,-118,272,-214
418952968,-4304,592,16452,-43,293,147
418956351,-2480,44,16000,-261,329,-195
418959821,-3272,804,15660,-119,218,-229
418963427,-3072,2312,15828,-239,38,-303
418966935,-3188,644,15480,134,-122,173
418970405,-3992,652,15680,73,-55,88
418973614,-3720,-1260,16752,-60,-116,-138
418977345,-2216,1092,15328,-169,411,-80
418980901,-2696,636,15940,-90,-103,-263
418984458,-2304,1540,15524,-255,331,-163
418988125,-2652,2116,15452,-52,128,136
418991572,-3496,304,15740,29,33,159
418994781,-4188,704,16092,-21,290,121
418998200,-2756,16,16240,-134,17,-279
419001548,-2904,1412,15264,-105,56,-125
419005105,-2976,1708,15388,29,-157,-49
419008575,-3136,940,15804,161,-171,174
419012045,-3820,216,16012,-169,282,-21
419015539,-2872,-1012,16420,-185,176,-351
419019245,-2948,1164,15852,-106,373,30
419022715,-2592,472,16036,-291,266,-322
419026272,-2872,840,15344,-79,120,-212
419029742,-3384,2436,15440,-3,-9,245
419033038,-4040,-1864,16912,123,-137,161
419036681,-3868,664,15764,-54,112,-6
419040003,-2988,-128,16288,-95,-137,-197
419043622,-1800,1596,15288,-180,222,-304
419047265,-3016,1164,15780,-62,-84,-40
419050735,-3276,120,15920,-8,301,59
419053945,-4216,676,16076,-15,128,192
419057328,-3656,-1452,16712,-235,368,-198
419061058,-3140,768,15664,-40,300,-22
419064544,-2656,940,16092,-227,-4,-310
419067911,-3308,652,15524,-21,-14,-40
419071295,-3324,1712,15076,83,-152,129
419074765,-3648,-1288,16632,-61,12,-185
419078321,-3632,260,15908,-180,288,-103
419081878,-2684,436,15868,-204,86,-390
419085348,-2464,1704,15320,-231,343,-167
419089015,-2704,1924,15332,-177,183,-158
419092635,-3540,172,15792,46,152,151
419095932,-4152,628,15968,-8,96,279
419099180,-3948,-2012,16988,-116,51,-284
419102785,-2744,1456,15436,-153,185,-167
419106429,-2824,604,15984,-109,-151,-219
419110072,-2204,1824,15356,-50,35,-140
419113567,-3320,1612,15280,-38,17,220
419116925,-2864,-1080,16652,-28,290,26
419120395,-4104,460,16288,-152,292,5
419123692,-2592,664,16076,-251,327,-306
419127249,-2940,1032,15416,-103,133,-189
419130892,-3484,2344,15568,-131,-74,-106
419134536,-3624,-288,15952,101,-12,158
419138030,-3448,1404,15180,28,-76,71
419141302,-3392,-1148,16476,-52,-29,-215
419144946,-3192,108,15700,-318,404,-289
419148502,-3072,1276,15816,-64,-20,-47
419151972,-2392,1448,15240,-136,297,-62
419155529,-2716,2160,15320,5,60,182
419158739,-3768,-1560,16820,68,210,250
419162209,-4028,-136,16204,-142,288,-161
419165901,-3176,-988,16652,-236,62,-438
419169409,-2932,1232,15432,-29,-86,17
419172792,-2712,1212,15676,-57,-172,-198
419176436,-3556,0,16168,140,-69,207
419179646,-3780,-304,15960,-55,94,167
419183029,-2136,-380,16084,-183,146,-411
419186672,-2372,1468,15444,-258,386,-56
419190252,-2716,1328,16020,-165,224,-172
419193873,-2760,1304,15284,-22,126,-56
419197343,-3608,2008,15528,26,48,266
419200674,-3816,-1816,17048,111,-12,86
419204109,-3604,536,15616,-146,60,-133
419207579,-2928,728,16060,-129,-94,-354
419211136,-2156,1852,15572,-70,3,-102
419214544,-3404,1404,15288,-98,-15,22
419217902,-3196,-444,16548,-60,357,-17
419221372,-4156,320,16388,67,86,251
419224582,-2536,924,16112,-350,468,-372
419228139,-2764,1320,15384,-41,-2,-131
419231609,-2868,1464,15992,-136,18,-131
419235166,-3620,0,15772,104,-104,149
419238486,-4060,376,15848,89,-101,171
419241845,-3368,-1180,16532,-126,29,-322
419245489,-2212,1444,15388,-226,231,-204
419249132,-2824,976,15836,-108,131,-135
419252689,-2532,1536,15308,-161,195,-76
419256246,-2912,1992,15292,-131,181,-65
419259803,-3760,-584,16076,-21,270,120
419263321,-3852,376,16080,-8,90,238
419266482,-3452,-1468,16772,-208,141,-378
419270212,-2828,1484,15356,-181,57,-222
419273769,-2848,1076,15664,-27,-88,-176
419277326,-3480,28,16052,1,-102,-8
419280449,-3464,1124,15340,-29,104,168
419283919,-2520,-732,16356,-239,142,-396
419287566,-3920,440,16244,-234,314,-52
419291061,-2544,1192,15928,-214,344,-236
419294676,-2872,1364,15244,-23,-59,-69
419298146,-3592,1992,15604,-103,45,25
419301564,-3880,-788,16200,72,-54,75
419304826,-3616,516,15812,-86,123,-93
419308209,-2780,640,16048,-183,21,-368
419311679,-2040,1776,15372,-66,-84,-103
419315260,-3372,1564,15372,-79,123,19
419318619,-3480,-504,16100,-22,215,-6
419322002,-4320,408,16272,75,154,242
419325299,-3060,-1200,16424,-362,399,-367
419329029,-3008,1156,15384,-66,188,-154
419332586,-2684,1612,15968,-182,118,-121
419336229,-2912,1328,15308,42,-191,45
419339637,-3452,1412,15276,101,37,139
419342996,-3432,-1232,16512,64,-173,99
419346466,-3204,296,15636,-280,429,-293
419350023,-2792,1052,15796,-161,3,-353
419353493,-2436,1564,15412,-193,280,-109
419357136,-2456,1716,15804,-146,287,-164
419360780,-4120,-416,16316,54,128,253
419364211,-3760,1236,15788,-1,277,220
419367546,-3424,-1180,16792,-240,55,-392
419371190,-3248,948,15516,-91,75,-72
419374486,-2804,996,15868,-112,-127,-250
419378129,-2396,1868,15428,23,-146,-1
419381513,-3620,1000,15388,-86,170,195
419384983,-2424,-616,16184,-97,215,-137
419388563,-3888,524,16308,-197,434,-60
419392010,-2872,-780,16212,-352,340,-391
419395653,-2764,1476,15480,-13,70,-90
419399036,-3060,2400,15660,-85,46,80
419402368,-3780,-1244,16136,104,-53,45
419405803,-3720,588,15744,37,94,96
419408926,-3220,-1264,16640,-135,-115,-340
419412767,-1988,2016,15364,-302,402,-383
419416386,-3156,1712,15608,-36,-94,66
419419770,-3560,-712,16452,-84,211,-1
419423153,-3356,1772,15588,16,156,236
419426536,-2972,-1184,16504,-297,387,-325
419430266,-3804,212,16156,-108,314,-178
419433823,-2608,1664,16096,-308,63,-451
419437383,-3004,1348,15340,84,-124,110
419440874,-2908,1456,15596,-70,-62,-146
419444406,-3640,-504,16636,127,-166,102
419447963,-3760,640,15564,-88,310,156
419451347,-2292,-192,15996,-169,-25,-394
419454990,-3296,736,15980,-250,427,-119
419458547,-2672,1816,15932,-349,382,-427
419462190,-2880,1120,15272,15,-33,17
419465535,-3632,1928,15492,-56,119,159
419468957,-4076,-1576,16524,70,-88,-46
419472427,-3364,972,15608,-176,178,-135
419475984,-3156,-720,16460,-150,-117,-352
419479714,-2300,836,15484,-259,253,-357
419483271,-3264,1740,15616,-78,40,132
419486654,-2864,804,15316,-31,129,88
419489974,-3716,1376,15688,49,243,210
419493334,-2804,-928,16188,-356,362,-379
419496977,-3376,400,15780,-71,266,-209
419500447,-2952,1920,16120,-295,54,-419
419504039,-3120,1128,15416,104,-108,129
419507561,-3556,1292,15104,-28,-74,-70
419511030,-3684,-720,16412,95,-154,71
419514438,-3044,316,15744,-53,281,61
419517710,-2272,64,15852,-170,-9,-359
419521093,-2504,1568,15320,-126,269,-34
419524650,-2800,1972,15732,-122,182,-39
419528207,-4148,-1068,16348,-7,226,147
419531677,-3824,1648,15632,-26,214,239
419535147,-3204,-1332,16732,-219,47,-427
419538815,-3236,1016,15732,-176,151,-147
419542434,-2924,1164,15740,-150,-94,-354
419546078,-2468,1512,15460,59,-120,34
419549461,-3204,1892,15552,-123,85,132
419552931,-3496,-1288,16888,-84,235,-166
419556574,-4000,1020,15964,19,286,204
419559958,-2632,-616,16032,-337,343,-392
419563662,-3396,420,15900,-66,300,-210
419567071,-2832,2084,15960,-98,-41,55
419570454,-3040,1072,15340,138,-169,147
419574011,-3832,1128,15316,42,15,81
419577221,-3144,-1092,16448,29,-122,-55
419580778,-2804,656,15744,-286,353,-304
419584334,-2628,92,15824,-167,-66,-315
419587828,-2584,1380,15328,-93,289,-8
419591187,-3396,1712,15276,-95,90,6
419594397,-3960,-1032,16512,-47,302,127
419597954,-3812,204,16056,-84,198,-160
419601424,-3224,-824,16552,-257,55,-420
419605016,-2784,1340,15420,-144,124,-145
419608624,-2988,1448,15708,-47,-140,-114
419612271,-2592,1404,15612,114,-136,38
419615762,-3552,980,15272,-95,129,133
419619121,-2208,-460,16076,-63,225,-143
419622678,-3624,652,16040,-282,373,-113
419626234,-2604,-524,16164,-394,332,-395
419629878,-2780,1260,15324,-10,89,-60
419633261,-3152,2320,15984,-108,-17,58
419636731,-4012,-1220,16176,104,-17,59
419640226,-3888,948,15492,0,45,83
419643238,-3108,-924,16380,-146,-51,-354
419646881,-2160,1788,15448,-275,379,-301
419650525,-3180,1448,15744,-101,-22,27
419653995,-3496,-664,16300,-55,266,36
419657378,-3468,1560,15684,56,82,214
419660674,-3064,-1048,16572,-338,462,-353
419664453,-3716,296,15880,-118,226,-133
419667961,-2680,1496,16104,-245,60,-433
419671518,-2956,1276,15624,24,-50,40
419674815,-3324,1536,15020,-62,-153,-148
419678458,-3504,-352,16148,154,-103,146
419682015,-3576,724,15448,-102,171,110
419685485,-2372,-292,15892,-141,99,-330
419689065,-3380,612,16136,-286,412,-112
419692598,-2792,1592,15956,-103,213,-125
419696242,-2784,1132,15460,8,54,17
419699365,-3452,1940,15260,-3,115,242
419702748,-3840,-1836,16712,117,-25,66
419706253,-3524,656,15928,-141,46,-117
419709688,-2856,944,15868,-163,-3,-364
419713183,-2300,1784,15428,-15,-115,-41
419716715,-3076,1552,15168,-107,46,-13
419720185,-3420,-532,16488,-22,285,12
419723568,-4292,148,16320,80,64,263
419726778,-2512,1136,15796,-357,485,-367
419730421,-2892,1128,15496,-45,3,-126
419733805,-2824,1564,16204,-173,43,-146
419737365,-3692,-252,15908,111,-110,168
419740943,-3440,1408,15296,62,-43,105
419744301,-3476,-1388,16680,-134,37,-264
419747945,-3228,400,15748,-259,260,-246
419751502,-2932,648,16096,-115,87,-294
419754971,-2372,1552,15328,-200,208,-109
419758615,-2988,2008,15328,-120,157,-57
419762172,-3968,-716,16064,-25,206,155
419765690,-3464,2024,15584,-3,81,260
419768938,-3640,-1596,16648,-184,200,-345
419772669,-3452,560,15860,-163,72,-173
419776139,-2800,1136,15972,-66,-62,-173
419779695,-2372,1580,15560,-10,-88,-42
419783165,-3300,1548,15216,-68,144,165
419786635,-3476,-924,16644,-48,332,-38
419790129,-4004,556,16216,-208,353,-63
419793575,-2776,-880,16248,-333,453,-374
419797219,-2780,1324,15480,-46,-26,-113
419800775,-2948,1924,15968,-120,38,-44
419804246,-3676,-676,16036,85,-100,102
419807751,-3580,1328,15380,71,-42,83
419811012,-3476,-1164,16524,-165,47,-279
419814680,-3084,368,15816,-251,308,-302
419818212,-3076,1220,15932,-116,110,-57
419821769,-2460,1568,15280,-146,181,-60
419825326,-3136,1788,15356,-65,131,10
419828709,-4064,-960,16572,-75,267,90
419832092,-3840,468,15936,-15,208,-41
419835476,-3248,-1420,16684,-203,177,-393
419839230,-2688,1520,15368,-196,49,-202
419842763,-2848,1260,15760,-31,-57,-125
419846319,-3520,-136,16084,12,-96,6
419849529,-3432,1324,15164,-62,135,166
419852999,-2488,-848,16160,-230,153,-392
419856642,-3776,496,16352,-246,314,-86
419860113,-2516,1280,15880,-333,408,-372
419863804,-2768,1160,15336,-44,-9,-102
419867226,-3432,2188,15504,-94,-3,-9
419870523,-3752,-964,16088,75,-5,90
419873732,-3944,608,15924,-63,67,-88
419877029,-2996,252,16140,-126,46,-281
419880499,-2292,1568,15468,-114,-27,-203
419884142,-3036,1900,15248,-80,79,-19
419887529,-3444,-336,16112,-8,219,34
419890845,-4328,428,16524,-87,381,108
419894205,-3224,-1136,16456,-312,373,-264
419897936,-3144,760,15524,-59,128,-221
419901406,-2604,1300,15988,-239,103,-227
419905049,-3380,160,15644,16,-165,32
419908381,-3344,1576,15088,79,15,14
419911555,-3468,-1032,16532,-40,-153,-148
419915310,-3800,-148,16020,-175,395,-163
419918929,-2644,1104,15952,-234,166,-478
419922573,-2496,1632,15460,-184,244,-49
419926129,-2596,1300,15932,-183,374,-175
419929773,-3644,-76,15880,45,19,187
419932983,-4092,744,16120,22,183,297
419936279,-3756,-1828,17012,-179,51,-338
419939947,-2764,1340,15420,-45,70,-105
419943392,-2888,408,16048,-171,-61,-291
419946949,-3168,912,15944,-50,-98,-180
419950419,-3236,1648,15108,-121,173,188
419953976,-2900,-1044,16384,-34,217,1
419957359,-4196,464,16236,-91,343,61
419960656,-2680,440,15952,-285,267,-352
419964262,-3096,1004,15484,-99,120,-236
419967769,-3244,2488,15552,-221,89,-177
419971326,-3572,36,15724,157,-127,167
419974709,-3892,668,15816,50,14,30
419977832,-3104,-256,16416,-70,-145,-203
419981476,-2232,1216,15504,-200,281,-310
419985119,-2656,892,15768,-104,-57,-174
419988699,-3288,600,15664,-186,245,-78
419992146,-2828,2204,15256,-45,141,145
419995616,-3932,-1440,16708,51,37,180
419998999,-3880,588,16072,-22,281,74
420002296,-2596,504,16000,-265,39,-368
420005766,-3188,848,15372,-79,38,-89
420009097,-3244,1784,15204,39,-143,19
420012449,-3684,-1100,16600,24,-25,-23
420015940,-3908,276,15668,-111,226,11
420019299,-2460,200,15856,-119,46,-292
420022769,-2900,1220,15860,-326,360,-157
420026412,-2436,2228,15660,-48,181,-19
420029882,-3112,804,15100,48,30,195
420033092,-3792,1280,15472,5,206,139
420036389,-3124,-796,16312,-261,118,-419
420040057,-3040,1024,15544,-168,41,-154
420043589,-3000,1396,15612,-139,-27,-361
420047232,-2552,1508,15700,43,-177,12
420050616,-3600,960,15332,-75,-16,181
420053999,-3288,-1396,16720,-142,312,-223
420057729,-4312,1120,16112,8,128,198
420061026,-2656,-520,16076,-334,468,-360
420064784,-3476,528,15704,-157,146,-287
420068226,-2888,2296,16000,-42,79,100
420071609,-3132,800,15568,81,-118,140
420074992,-3852,1148,15428,80,3,111
420078202,-3180,-1212,16516,-185,-18,-343
420081932,-2880,524,15504,-229,247,-304
420085489,-3128,1312,15848,-121,59,-310
420089073,-2504,1496,15280,-141,152,-33
420092603,-2584,2196,15588,-41,160,3
420095899,-4196,-1160,16644,-112,241,125
420099543,-3896,1376,15796,36,171,209
420102926,-3220,-1140,16580,-299,168,-434
420106656,-3112,1004,15768,-132,3,-147
420110165,-2944,1212,15632,-64,13,-176
420113621,-2532,1532,15696,64,-189,23
420116979,-3464,1136,15324,-76,169,145
420120449,-3512,-964,16540,-48,292,-149
420124006,-3860,544,16304,-213,340,-59
420127476,-2544,-620,16056,-352,462,-425
420131120,-2868,1248,15380,-51,-24,-70
420134590,-2880,2104,15940,-82,10,32
420137911,-3848,-888,16188,56,-5,60
420141096,-3712,504,15912,-78,70,-55
420144392,-3212,-1088,16356,-157,96,-358
420148036,-2256,1808,15452,-35,-98,-141
420151592,-3016,1364,15896,-92,55,-40
420154976,-3448,-368,16056,-54,202,24
420158359,-3092,1996,15380,42,68,235
420161656,-3444,-1276,16808,-343,423,-299
420165434,-3936,388,16076,-69,213,-83
420168769,-2672,1096,16144,-180,124,-226
420172413,-2996,1332,15472,-32,-139,-18
420175969,-3144,1652,15212,102,-46,108
420179439,-3704,-180,16420,48,-126,93
420182822,-3676,340,15908,-133,308,-80
420186293,-2512,-924,16172,-176,155,-338
420189959,-2464,1540,15608,-273,331,-115
420193580,-2620,1520,15964,-142,344,-158
420197223,-2992,1004,15512,-2,-38,-15
420200606,-3464,2272,15568,-4,143,217
420203990,-3924,-1912,16852,80,-33,101
420207460,-3828,388,15952,-49,99,-72
420210791,-2804,388,16128,-184,-8,-301
420214251,-2148,1656,15544,-80,-85,-154
420217783,-3080,1768,15396,-95,191,144
420221253,-3360,-272,16020,-18,173,50
420224636,-4204,440,16348,-70,363,96
420227933,-2520,388,15984,-345,415,-286
420231489,-3068,840,15668,-56,79,-176
420234873,-3116,2452,15764,-231,171,-257
420238541,-3436,296,15476,142,-177,167
420241986,-3920,608,15872,67,-1,92
420245109,-3504,-1232,16520,-62,-122,-194
420248839,-2212,1284,15444,-150,371,-140
420252483,-2684,716,15968,-98,-12,-203
420255953,-2536,1396,15480,-251,243,-129
420259596,-2596,2368,15468,-26,165,163
420263115,-3508,-64,15708,-2,62,155
420266276,-4024,1104,15856,39,242,150
420269659,-2904,-600,16216,-110,37,-197
420273216,-2716,1456,15564,-153,8,-232
420276686,-3084,1804,15220,-98,-91,-190
420280243,-3372,140,16168,106,-182,93
420283626,-3672,816,15424,-102,196,148
420287096,-3076,-1512,16600,-130,93,-267
420290763,-2720,1472,15740,-138,385,-6
420294210,-2640,640,15996,-262,261,-274
420297766,-3080,648,15352,-88,81,-183
420301150,-3364,2464,15568,-49,81,183
420304533,-4192,-1932,16820,9,-22,-118
420308003,-3924,596,15904,13,130,17
420311247,-2844,-188,16456,-184,-97,-351
420314881,-2196,1316,15320,-188,132,-282
420318499,-3304,1716,15504,-86,55,-157
420321970,-3108,756,15636,2,182,66
420325093,-4120,656,16036,-48,269,192
420328476,-2644,-116,16124,-230,298,-151
420332119,-3476,540,15960,-99,225,-222
420335589,-2948,2296,15968,-316,102,-438
420339257,-3116,936,15296,137,-144,190
420342703,-3056,1756,15288,12,-42,6
420345913,-3780,-944,16540,26,-143,-7
420349296,-2648,688,15684,-301,329,-344
420352853,-2480,376,15768,-164,-47,-286
420356409,-2728,1276,15324,-260,387,-162
420360053,-2588,2124,15524,-96,130,39
420363484,-4104,-1164,16668,20,-10,95
420366819,-3968,1152,15772,40,207,203
420370203,-3108,-704,16364,-287,81,-423
420373759,-3088,1140,15696,-135,101,-131
420377403,-2864,1528,15416,-186,-50,-368
420381046,-2620,1492,15644,145,-168,95
420384516,-3712,812,15360,-128,102,143
420388010,-3324,-1184,16872,-88,194,-217
420391630,-4232,768,16312,-36,287,164
420395013,-2620,-24,16068,-332,300,-364
420398570,-3248,636,15752,-102,206,-244
420402127,-2980,2296,15964,-98,-2,124
420405510,-3304,628,15416,158,-129,154
420408980,-3912,960,15620,26,11,103
420412228,-3020,-972,16628,0,-97,-112
420415597,-2552,988,15664,-297,313,-317
420419130,-3192,1640,15820,-66,-14,97
420422513,-2708,976,15400,-64,304,37
420425809,-3696,1496,15620,39,43,231
420429106,-2872,-920,16428,-333,476,-326
420432749,-3672,-24,16080,-141,215,-217
420436306,-2688,1948,15996,-280,51,-447
420439887,-2904,1204,15404,66,-112,119
420443333,-2964,1564,15432,-21,-181,-123
420446976,-3724,-736,16452,73,-42,109
420450360,-3660,664,15796,-95,178,99
420453656,-2396,-324,15900,-159,112,-367
420457299,-3228,972,15864,-291,345,-138
420460856,-2556,1620,15968,-155,191,-67
420464462,-2820,1176,15328,-13,69,-22
420467796,-3660,1752,15540,35,112,266
420471180,-3636,-1624,16748,84,57,-9
420474476,-3404,764,15872,-183,-2,-145
420477946,-2660,1132,15804,-48,9,-226
420481329,-2412,1640,15512,12,-127,-12
420484799,-3264,1408,15384,-76,133,156
420488293,-3636,-840,16412,-67,305,-75
420491739,-3924,368,16388,-214,327,-36
420495209,-2872,-804,16344,-313,436,-337
420498853,-2956,1020,15480,-89,26,-169
420502323,-2708,2048,16164,-84,24,-53
420505706,-3796,-572,15856,71,-68,111
420509089,-3744,672,15992,84,-58,98
420512338,-3268,-1408,16652,-164,37,-282
420515967,-2024,1728,15496,-259,328,-312
420519586,-3044,1152,15984,-80,70,7
420522796,-3448,8,15800,-150,195,-51
420526092,-2944,1724,15488,62,140,203
420529475,-3384,-1360,16780,-316,350,-266
420533206,-4008,264,16084,-25,220,-35
420536589,-2604,1192,15924,-240,88,-215
420540170,-2772,1500,15244,-3,-130,-15
420543616,-3396,1692,14916,72,3,107
420546826,-3612,-1340,16668,108,-189,146
420550469,-3736,60,15792,-182,426,-146
420553939,-2556,-836,16260,-177,67,-428
420557496,-2440,1680,15488,-236,280,-122
420561139,-2600,1472,15956,-197,332,-176
420564843,-3648,-84,15808,11,-94,-56
420568079,-3192,2480,15416,30,197,252
420571463,-4000,-1936,16876,-152,-16,-286
420575193,-3864,556,15948,-82,120,-60
420578576,-2856,492,16124,-129,-82,-280
420582133,-2248,1640,15592,-67,-30,-174
420585690,-3128,1728,15356,-64,79,-6
420589009,-3616,-572,16084,-32,221,22
420592369,-4104,532,16292,-95,345,22
420595666,-2408,576,16008,-360,353,-313
420599223,-3008,1004,15616,-50,140,-175
420602779,-2688,1292,16156,-167,43,-179
420606336,-3456,160,15708,157,-65,164
420609719,-4004,572,15956,83,-13,108
420613059,-3508,-1216,16404,-107,-50,-214
420616746,-3408,240,15848,-161,332,-191
420620303,-2860,864,16008,-155,6,-174
420623686,-2400,1556,15340,-154,248,-75
420627243,-2960,2180,15360,7,103,199
420630539,-3684,-1524,16784,6,126,140
420633923,-4136,944,15892,16,262,125
420637222,-2848,-372,16400,-281,66,-407
420640800,-2600,1668,15428,-130,65,-194
420644333,-3344,1532,15156,152,-214,135
420647889,-3468,24,16044,92,-89,67
420651012,-3828,520,15872,-110,250,13
420654396,-2348,68,16044,-181,121,-335
420657865,-2644,1572,15380,-298,365,-143
420661509,-2572,2072,15464,-246,230,-234
420665201,-3244,488,15620,12,157,123
420668449,-4072,1076,15888,0,-2,219
420671659,-4068,-1904,16904,-60,78,-176
420675216,-2896,1224,15464,-175,12,-193
420678772,-2824,220,16284,-137,-106,-305
420682416,-2860,1096,15764,-128,144,-219
420686059,-3000,1964,15576,-72,-13,110
420689554,-3372,-28,15924,29,246,122
420692826,-4104,672,16312,-43,164,82
420696122,-2336,144,16056,-331,419,-346
420699679,-3136,680,15772,-147,156,-241
420703236,-3068,2520,15984,-225,15,-299
420706793,-3284,392,15332,124,-26,218
420710176,-4116,712,15588,70,-138,28
420713514,-3580,-1280,16484,-37,-8,-95
420716942,-2508,1004,15508,-226,145,-305
420720586,-2536,536,15844,-86,8,-214
420723882,-2956,884,15404,-71,220,66
420727179,-3652,1092,15960,-21,109,84
420730562,-4120,-1476,16636,-183,413,-38
420734206,-3484,280,15860,19,127,106
420737505,-2744,-164,16284,-264,166,-412
420741170,-3116,1144,15396,-121,-32,-129
420744789,-2916,1728,15212,14,-126,-38
420748259,-3168,848,16084,140,-107,131
420751729,-3688,284,15592,-145,251,81
420755112,-2396,4,15912,-99,258,-287
420758409,-2816,1124,15896,-343,326,-212
420762052,-2544,2240,15576,-295,365,-348
420765744,-3204,780,15276,41,-25,103
420768992,-3728,1648,15796,-38,33,185
420772376,-4176,-2040,17008,-67,97,-118
420775932,-3052,1092,15544,-9,46,-4
420779142,-2840,1300,15704,-153,57,-346
420782699,-2728,1328,15752,83,-222,32
420786082,-3356,1212,15428,-121,154,63
420789577,-3552,-1084,16584,-69,188,-130
420793196,-3932,816,16252,27,238,151
420796492,-2628,-272,16108,-396,382,-374
420800136,-3440,492,15832,-84,145,-179
420803605,-2876,2048,15908,-105,122,28
420807076,-3148,1000,15312,111,-168,142
420810632,-3900,760,15648,43,72,79
420813797,-3256,-824,16472,-152,-58,-327
420817399,-2600,608,15592,-227,267,-330
420820956,-3228,1620,15752,-131,86,-256
420824512,-2824,1080,15472,-65,142,49
420827896,-3504,1504,15556,-9,174,58
420831192,-3988,-1248,16660,-124,257,56
420834749,-3592,292,16056,52,192,205
420838070,-2904,-720,16416,-302,93,-405
420841602,-2936,1460,15332,63,-92,87
420844899,-3444,1424,15164,-12,-27,-89
420848369,-3700,-640,16256,78,-167,63
420851752,-3388,244,15784,-55,265,113
420855135,-2172,-128,15892,-156,3,-406
420858605,-2604,1528,15268,-134,277,-31
420862165,-2548,1696,15960,-168,182,-95
420865767,-3936,-512,16028,-1,-44,49
420869015,-3752,1648,15488,40,183,254
420872398,-3416,-1332,16656,-267,74,-397
420876042,-3276,804,15696,-119,129,-153
420879599,-2864,1224,15860,-235,18,-392
420883155,-2344,1704,15572,80,-169,32
420886539,-3472,1408,15512,-126,150,157
420890131,-3568,-940,16472,-49,221,-67
420893570,-3888,332,16280,93,187,236
420896862,-2704,-624,16264,-417,374,-388
420900505,-2700,1276,15472,22,47,-80
420903802,-2748,2048,15828,-153,52,-18
420907272,-3952,-776,16100,153,-72,131
420910742,-3564,1260,15284,29,49,128
420914080,-3216,-1152,16600,-150,-79,-315
420917769,-2824,644,15648,-274,393,-305
420921325,-3176,1364,16024,-63,-76,6
420924622,-3568,-300,16208,-103,228,-1
420928092,-3144,1788,15440,48,72,230
420931388,-3296,-1280,16528,-337,452,-274
420935119,-3924,296,16240,-74,300,-111
420938613,-2648,1304,16172,-299,80,-448
420942145,-2968,1404,15352,33,-44,6
420945355,-3124,1572,15248,-82,-114,-180
420948999,-3848,-256,16304,155,-146,163
420952555,-3368,172,15780,-108,252,109
420956025,-2240,-424,15940,-195,35,-377
420959582,-3688,476,16188,-258,484,-128
420963188,-2468,1620,15880,-187,171,-140
420966782,-2764,1040,15208,25,36,-29
420970079,-3448,2156,15384,41,54,272
420973375,-3720,-1668,17080,95,-28,79
420976759,-3588,644,15848,-149,125,-120
420980315,-2840,592,16104,-153,-91,-328
420983872,-2176,1660,15588,-26,12,-91
420987259,-3256,1620,15356,-110,-6,3
420990576,-3444,-708,16292,13,320,-1
420993848,-4268,396,16544,-160,283,11
420997232,-2480,880,16092,-364,441,-368
421000788,-3076,1076,15552,-62,63,-120
421004258,-3300,2308,15604,-174,5,-132
421007728,-3636,-32,15656,152,-13,143
421011112,-4024,288,16008,-31,38,-4
421014363,-3476,-1260,16592,-105,41,-285
421017965,-1960,1640,15380,-155,-13,-230
421021608,-3064,892,16056,-54,-1,-98
421024905,-3352,276,15804,-26,224,52
421028201,-4124,600,16220,59,65,210
421031411,-3752,-1624,16808,-340,532,-228
421035141,-3236,948,15576,-31,176,-29
421038549,-2624,600,16088,-227,136,-304
421042081,-3260,760,15524,-48,-69,-101
421045551,-3056,1868,15176,80,-59,88
421048848,-3648,-1196,16564,-75,-112,-150
421052578,-3720,120,15808,-148,313,-84
421056048,-2520,448,15776,-151,191,-342
421059605,-2576,1440,15604,-302,299,-212
421063351,-2352,1356,15904,-222,341,-241
421066892,-3328,200,15284,61,8,175
421070015,-4008,1144,15940,-15,107,217
421073485,-4020,-1804,16924,-140,62,-205
421077128,-2760,1196,15392,-78,80,-61
421080511,-2936,516,16252,-137,-41,-261
421084068,-3160,792,15764,-98,-54,-190
421087542,-3204,1924,15460,-58,118,177
421091033,-3056,-1284,16716,-12,200,61
421094478,-4080,548,16352,-47,268,65
421097775,-2620,352,16088,-333,336,-357
421101332,-2944,752,15696,-65,101,-211
421104802,-3300,2416,15728,-187,132,-219
421108445,-3424,272,15572,134,-181,199
421111915,-4056,604,15748,102,-31,83
421115257,-3576,-1164,16388,-90,-128,-177
421118942,-2168,1064,15240,-164,329,-184
421122585,-2612,844,15872,-128,1,-156
421125969,-3072,568,15628,-244,253,-90
421129439,-2516,2400,15396,9,171,125
421132735,-4000,-1468,16700,28,66,246
421136118,-4140,744,16348,21,239,41
421139352,-2628,72,16200,-272,33,-369
421142711,-3200,996,15176,-104,4,-157
421146095,-2988,1928,15424,38,-191,28
421149478,-3736,-1232,16656,9,-3,-40
421152774,-2760,740,15564,-125,275,13
421156158,-2444,44,16096,-141,8,-318
421159454,-2844,1448,15304,-137,206,-10
421163059,-2584,2140,15884,-98,118,32
421166394,-4096,-1000,16536,-67,365,53
421169864,-3968,1468,15736,5,108,183
421173161,-3100,-1020,16472,-255,169,-411
421176891,-3152,976,15408,-187,91,-197
421180361,-2988,1276,15792,-14,-133,-125
421184004,-2580,1416,15820,28,-83,54
421187304,-3548,868,15368,-92,167,124
421190709,-2380,-408,16200,-60,322,-146
421194241,-3656,436,16264,-325,372,-141
421197797,-2476,-64,15816,-360,416,-411
421201354,-2836,1124,15208,8,-38,-15
421204651,-3704,2180,15364,-75,8,68
421207861,-4000,-1300,16388,57,-36,45
421211244,-3692,696,15888,-109,86,-99
421214650,-2792,700,16012,-173,51,-340
421218132,-2172,1560,15560,-48,-114,-93
421221654,-3068,1708,15644,-99,94,64
421224950,-3504,-776,16244,-47,202,-16
421228420,-4212,612,16360,62,151,214
421231717,-3196,-1132,16488,-392,397,-334
421235447,-2808,1096,15472,-117,195,-170
421239115,-2728,1728,15908,-146,119,-125
421242734,-3016,1336,15304,39,-178,23
421246117,-3368,1516,15260,113,22,151
421249501,-3452,-1216,16404,61,-89,40
421252884,-3208,364,15872,-183,318,-217
421256441,-2928,964,15868,-148,120,-325
421259997,-2496,1644,15516,-165,169,-83
421263602,-2564,1912,15852,-103,270,-35
421267111,-3964,-572,16064,-47,158,122
421270581,-3728,1940,15532,70,139,256
421273964,-3536,-1616,17028,-251,104,-368
421277694,-3400,708,15760,-138,65,-158
421281164,-2760,1000,15932,-96,-61,-196
421284721,-2488,1524,15516,4,-145,-2
421288042,-3264,1424,15308,-53,197,129
421291487,-3344,-800,16384,-76,272,-27
421294958,-3932,360,16308,-165,337,-53
421298427,-2728,-648,16200,-413,487,-397
421302071,-2808,1192,15432,-33,3,-101
421305454,-2780,2004,15940,-114,102,-31
421309011,-3956,-820,16088,132,-93,132
421312485,-3644,1092,15444,87,17,121
421315801,-3280,-1028,16440,-184,-61,-307
421319543,-3168,348,15660,-225,274,-277
421323065,-2992,1324,15888,-139,99,-333
421326621,-2572,1440,15136,-110,136,-27
421330178,-3188,1796,15492,-30,179,21
421333561,-3992,-932,16360,-99,243,109
421337031,-4020,252,16068,62,91,237
421340266,-3080,-1020,16528,-301,170,-440
421343971,-2868,1256,15496,-1,-144,3
421347268,-2964,1304,15692,-59,-6,-195
421350738,-3476,-236,16384,154,-209,143
421354295,-3496,968,15448,-83,186,112
421357678,-2348,-552,15932,-173,52,-383
421361235,-3648,476,16076,-245,344,-103
421364840,-2444,1428,16052,-194,298,-170
421368435,-2660,1176,15024,-23,-40,-20
421371905,-3608,2040,15388,-29,28,77
421375201,-4004,-1184,16372,32,-68,38
421378585,-3616,520,15900,-76,132,-83
421381968,-2896,640,15908,-166,5,-336
421385351,-2140,1872,15436,-22,-111,-124
421389019,-3220,1568,15256,-39,74,69
421392291,-3536,-688,16248,-40,259,-20
421395761,-4148,364,16372,-120,360,1
421399058,-2968,-1024,16568,-421,408,-391
421402788,-2764,1188,15408,-98,203,-186
421406345,-2896,1760,15900,-157,54,-79
421409815,-3748,-472,16064,32,-161,75
421413221,-3508,1516,15232,65,33,80
421416408,-3480,-1268,16584,-109,-94,-244
421420173,-3244,-56,15840,-272,396,-307
421423695,-3016,1276,15908,-168,66,-376
421427251,-2648,1336,15428,-150,210,-14
421430808,-3068,2064,15272,-120,274,-78
421434365,-3920,-648,16400,-24,140,168
421437859,-3972,344,16032,50,213,244
421441131,-3484,-1340,16600,-189,38,-401
421444775,-2788,1348,15556,-148,65,-175
421448332,-2804,1128,15944,-81,-87,-210
421451888,-2512,1692,15656,33,-155,-7
421455272,-3384,1180,15384,-56,218,159
421458742,-2436,-744,16132,-91,242,-101
421462302,-3780,396,16144,-171,378,-89
421465817,-2804,-496,16328,-400,403,-386
421469412,-2716,1004,15428,-25,-10,-115
421472969,-2904,2124,15972,-101,70,-26
421476438,-3828,-1004,16068,99,-54,119
421479909,-3796,1072,15476,95,55,79
421483118,-3140,-824,16428,-171,-55,-315
421486762,-2816,572,15764,-249,271,-268
421490343,-3020,1580,15612,-112,50,-6
421493702,-2512,1292,15200,-83,138,47
421497085,-3308,1840,15644,54,211,203
421500468,-3148,-1244,16452,-68,224,119
421504025,-3936,240,15912,-35,290,-111
421507495,-2608,1464,16264,-291,79,-447
421511052,-2904,1472,15332,49,-105,38
421514458,-3348,1456,15020,-31,-46,-157
421517992,-3680,-456,16564,124,-204,113
421521584,-3356,200,15784,-69,294,142
421524932,-2296,-492,15968,-211,-15,-425
421528575,-3300,940,15980,-199,350,-107
421532132,-2712,1440,16048,-186,261,-161
421535776,-2856,1172,15184,25,-60,-13
421539183,-3584,1896,15656,-1,227,251
421542542,-4044,-1300,16448,41,-58,14
421545925,-3416,640,15664,-106,135,-121
421549482,-2876,808,15800,-192,-57,-321
421553039,-2256,1800,15548,29,-94,-62
421556422,-3452,1200,15300,-46,56,153
421559805,-3536,-1208,16584,-88,307,-113
421563509,-3840,1272,15960,68,218,217
421566832,-2700,-768,16288,-376,362,-378
421570476,-3524,340,15740,-83,229,-190
421573945,-2668,2092,16092,-142,-15,-44
421577502,-3152,1196,15392,85,-170,122
421580972,-3772,1088,15264,43,28,92
421584182,-3208,-1116,16372,48,-151,44
421587677,-2928,528,15736,-284,429,-315
421591209,-3140,1216,15976,-122,-39,-316
421594852,-2660,1388,15272,-100,250,-9
421598322,-2556,2080,15820,-77,211,21
421601706,-3908,-1100,16524,-68,248,92
421605176,-3844,220,15916,64,237,231
421608472,-3124,-1052,16684,-274,24,-452
421612119,-2812,1436,15516,-125,67,-166
421615696,-3024,1340,15552,-40,-118,-143
421619316,-2644,1436,15704,79,-198,43
421622734,-3684,768,15552,-79,217,149
421626082,-2180,-424,16108,-135,224,-198
421629726,-3304,864,15956,-271,420,-117
421633283,-2672,-160,16128,-378,355,-391
421636926,-2888,1248,15124,27,61,27
421640160,-3816,1680,15600,-76,-10,110
421643606,-4136,-1320,16544,80,-22,7
421646902,-3568,656,15784,40,60,85
421650025,-3016,204,16188,-128,-38,-320
421653582,-2092,2256,15464,-75,-69,-141
421657139,-3152,2196,15376,16,-80,290
421660522,-3492,-1608,16544,-150,451,-252
421664301,-3708,1772,15892,18,70,179
421667549,-2868,-1128,16256,-338,487,-332
421671279,-3348,440,15692,-203,266,-320
421674836,-2736,2296,15864,-240,-18,-411
421678479,-3268,896,15480,75,-104,132
421681863,-3728,1368,15308,-14,-154,-122
421685506,-3744,-888,16620,118,-65,98
421688914,-2856,304,15792,-151,286,19
421692273,-2352,312,15784,-99,-19,-314
421695743,-2664,1428,15208,-339,382,-162
421699386,-2588,2156,15856,-47,152,32
421702769,-4124,-1372,16676,78,73,127
421706153,-3952,1352,15692,-33,167,192
421709623,-3124,-856,16632,-230,134,-412
421713289,-3020,976,15584,-218,41,-161
421716736,-2884,1408,15612,-133,-100,-315
421720466,-2828,1312,15872,106,-147,94
421723971,-2980,1752,15320,-87,16,146
421727320,-3184,-1260,16520,-111,347,-206
421731050,-4256,780,16532,-42,169,134
421734433,-2520,-60,16088,-325,423,-370
421738014,-3256,748,15688,-104,173,-224
421741547,-3012,2352,15868,-5,-2,121
421744843,-3312,684,15576,93,-59,168
421748140,-4088,560,15608,47,10,58
421751263,-2956,-500,16304,-180,36,-339
421754819,-2156,1156,15476,-258,161,-320
421758463,-3192,1652,15772,-78,106,121
421761933,-2868,796,15372,-63,201,17
421765278,-3952,1348,15800,104,140,256
421768699,-2728,-980,16308,-188,381,25
421772169,-3336,336,15780,-152,208,-301
421775726,-2528,628,16244,-241,91,-367
421779196,-3320,732,15396,113,-193,124
421782666,-3696,1312,15228,50,-70,-36
421786049,-3768,-1092,16436,28,-143,-15
421789631,-2768,724,15564,-125,269,-7
421792989,-2396,220,15896,-171,10,-314
421796459,-2712,1324,15248,-289,296,-178
421800103,-2648,2152,15720,-90,228,21
421803486,-3988,-1220,16532,19,-46,144
421806956,-4096,1104,15828,29,261,177
421810339,-3048,-724,16596,-74,9,-177
421813746,-2888,1044,15660,-134,64,-156
421817279,-2872,1660,15448,-70,-154,-121
421820923,-2864,1340,15808,121,-251,120
421824514,-3600,788,15492,-106,171,140
421827950,-3224,-1296,16580,-112,192,-238
421831680,-4300,876,16288,45,207,187
421834976,-2656,-364,16060,-362,349,-434
421838644,-3112,764,15716,-134,130,-319
421842177,-3076,2292,15788,-60,68,183
421845560,-3416,292,15548,123,-163,121
421849030,-4040,864,15844,70,119,99
421852240,-3148,-772,16396,-82,-53,-152
421855796,-2284,1276,15456,-218,232,-326
421859440,-2796,536,15948,-102,21,-141
421862958,-2856,924,15408,-73,169,13
421866206,-3932,1192,15876,16,178,149
421869590,-3932,-1624,17036,-219,314,-69
421873233,-3352,484,15876,28,272,71
421876443,-2876,-276,16164,-286,40,-396
421880000,-3064,1216,15400,93,-80,81
421883296,-3680,1112,15496,2,-128,-36
421886679,-3780,-1016,16432,35,-84,1
421890000,-2872,452,15648,-266,309,-313
421893533,-2408,164,16096,-164,15,-299
421897003,-2732,1332,15368,-119,260,7
421900386,-2460,2176,15620,-103,122,5
421903769,-4120,-1088,16556,-42,328,102
421907326,-4032,1272,15964,-24,206,149
421910796,-3116,-932,16300,-211,95,-363
421914376,-3104,856,15664,-209,89,-221
421917823,-2780,1688,15656,0,-191,-78
421921206,-3840,-660,16092,134,-111,109
421924797,-3592,916,15692,-55,104,131
421928146,-2304,-536,16068,-109,325,-169
421931789,-3356,776,15856,-279,293,-144
421935346,-2576,40,16172,-315,360,-374
421938841,-2864,1208,15236,-2,25,-10
421942113,-3648,1732,15440,-24,-21,124
421945583,-4060,-1504,16432,24,45,-21
421948966,-3436,740,15792,12,-8,70
421952089,-2704,1036,15752,-162,31,-349
421955646,-2432,1616,15548,28,-185,-12
421959116,-3212,1676,15708,-75,72,102
421962502,-3496,-1068,16644,-101,246,-94
421966192,-3820,1040,15892,47,171,200
421969526,-2792,-596,16068,-398,429,-367
421973169,-3456,364,15684,-91,154,-186
421976639,-3000,1964,15864,-113,120,-16
421980196,-3060,1276,15372,76,-180,128
421983666,-3608,1132,15352,63,91,74
421986876,-3368,-944,16636,41,-152,35
421990283,-2628,504,15560,-300,353,-307
421993816,-3184,1436,15844,-130,49,-331
421997372,-2700,1292,15456,-89,202,19
422000756,-3496,1584,15640,-64,212,58
422004139,-4124,-1220,16492,-78,242,45
422007609,-3772,484,16024,-36,252,-90
422010992,-3144,-964,16572,-295,87,-433
422014572,-2820,1612,15448,72,-99,58
422017845,-3400,1392,15140,-24,-75,-68
422021315,-3844,-620,16464,107,-177,70
422024824,-3124,168,15692,-97,281,134
422028169,-2260,-336,15824,-152,-15,-423
422031812,-2520,1780,15316,-251,422,-139
422035456,-2572,1532,16028,-201,206,-147
422039124,-2684,1520,15164,10,-57,17
422042395,-3992,1280,15744,31,180,283
422045779,-4276,-2008,16964,-62,0,-134
422049249,-3340,1076,15628,-108,92,-120
422052806,-3024,-848,16516,-177,-72,-360
422056449,-2356,1940,15496,75,-121,-5
422059832,-3104,1680,15492,-156,94,98
422063318,-3384,-996,16736,-46,238,-91
422066686,-3756,560,16220,9,262,188
422069895,-2876,-556,16156,-315,303,-389
422073539,-2712,1276,15268,-60,239,-194
422077096,-2712,1772,15996,-171,-2,-73
422080566,-3900,-492,16036,86,-186,147
422084036,-3952,352,15576,48,83,125
422087249,-3116,-480,16556,-174,-72,-363
422090913,-2500,720,15500,-208,336,-242
422094446,-3136,1436,15760,-148,6,-342
422097915,-2660,1504,15364,-47,151,90
422101299,-3440,1460,15684,52,110,220
422104682,-4168,-1292,16696,-78,241,43
422108152,-3636,228,16164,-137,305,-177
422111709,-3068,-560,16392,-256,32,-405
422115289,-2900,1360,15444,-129,39,-148
422118822,-2804,1660,15368,-47,-114,-70
422122379,-3828,-740,16424,151,-244,156
422125975,-3876,428,15804,-89,268,70
422129232,-2304,-92,15840,-167,225,-263
422132789,-3096,888,15884,-278,407,-166
422136346,-2716,1748,15772,-326,319,-383
422140014,-2924,1072,15420,40,-2,28
422143199,-3716,1576,15548,-52,56,184
422146582,-4172,-1800,16960,-3,1,-58
422149879,-3280,996,15640,-160,152,-135
422153436,-3076,-688,16592,-144,-113,-349
422157166,-2432,1892,15668,-247,279,-355
422160809,-3272,1728,15580,-76,2,174
422164154,-3332,-1164,16696,-31,207,54
422167576,-4076,1024,16028,34,195,205
422170959,-2608,-500,16260,-354,351,-442
422174602,-3236,648,15760,-131,275,-206
422178159,-3064,1984,15904,-265,31,-361
422181716,-3160,904,15580,143,-111,139
422185186,-3752,936,15500,-5,-79,27
422188420,-3840,-1036,16512,14,-91,-56
422191866,-2716,520,15572,-313,315,-337
422195423,-2260,492,15964,-177,0,-339
422198806,-2716,1196,15216,-45,224,49
422202189,-3432,1584,15716,-94,152,67
422205572,-4096,-1360,16560,-38,302,102
422209129,-3648,280,15952,-18,231,131
422212516,-2912,-592,16448,-250,57,-423
422216092,-3012,1348,15352,-133,111,-184
422219713,-2984,1596,15320,-9,-160,-92
422223183,-2832,1180,15740,153,-168,112
422226774,-3848,588,15716,-131,182,108
422230209,-3048,-1340,16784,-118,224,-285
422233940,-3300,836,15996,-44,303,166
422237326,-2524,196,15888,-310,322,-407
422240904,-2996,1044,15192,-51,152,-175
422244436,-3300,2124,15768,-66,15,123
422247820,-3984,-1336,16748,130,-148,169
422251463,-3996,524,15732,-24,93,55
422254673,-3020,-424,16380,-144,-57,-366
422258316,-2280,1116,15372,-224,250,-284
422261960,-3044,1928,15672,-172,-18,-195
422265652,-3160,460,15308,16,264,88
422268813,-3824,1184,16120,-56,141,91
422272196,-3808,-1268,16760,-186,344,-73
422275840,-3368,184,15844,-8,312,79
422279050,-2532,492,15944,-255,9,-397
422282433,-3224,832,15284,117,-75,149
422285816,-3656,1132,15512,12,-153,3
422289137,-3876,-1108,16444,60,-45,-18
422292583,-2724,740,15636,-282,221,-334
422296139,-2284,336,15916,-119,-24,-286
422299696,-2848,1240,15344,-313,432,-161
422303340,-2628,2172,15688,-62,121,41
422306723,-4160,-1236,16832,64,57,146
422310106,-4056,1188,15924,-7,202,159
422313513,-3016,-728,16548,-241,102,-408
422317133,-3128,1092,15588,-175,57,-184
422320690,-2824,1660,15464,-137,-82,-335
422324333,-2828,1196,15768,98,-128,114
422327838,-3056,1988,15476,-135,41,116
422331273,-3296,-1288,16556,-105,287,-179
422335003,-4124,444,16416,-60,274,133
422338411,-2708,156,15984,-313,327,-387
422341943,-3096,788,15776,-131,234,-249
422345500,-3180,2400,15684,-227,-10,-272
422349144,-3296,628,15376,154,-128,174
422352613,-4032,716,16108,31,-75,84
422355823,-3720,-1432,16612,-40,-5,-133
422359380,-2312,1048,15512,-249,168,-333
422363072,-2716,376,16196,-122,-41,-230
422366580,-2980,1008,15416,-264,367,-169
422370224,-2496,2312,15252,-5,69,109
422373520,-4064,-1560,17132,83,84,230
422376904,-4016,824,15936,-57,260,57
422380200,-2780,-212,16024,-235,75,-383
422383757,-3000,1124,15616,-140,103,-131
422387404,-3020,1676,15464,-145,-109,-352
422391155,-3100,892,15816,135,-98,142
422394514,-3772,452,15756,-56,71,146
422397810,-3120,-1192,16568,-172,211,-280
422401541,-4032,616,16236,-134,368,47
422404924,-2612,364,15996,-270,233,-303
422408481,-2820,960,15416,-87,206,-227
422411950,-3352,2260,15484,-25,-10,195
422415444,-4140,-1808,16776,140,-132,167
422419064,-3924,732,16036,-54,104,-17
422422447,-3056,-340,16360,-79,-84,-184
422426004,-2088,1280,15404,-214,208,-307
422429682,-2748,1092,15776,-86,-76,-123
422433204,-3180,348,15840,-178,261,-96
422436674,-2752,2396,15240,4,86,195
422439909,-3792,-1648,16840,-222,370,-150
422443614,-3972,664,16216,-68,296,34
422446911,-2732,216,16040,-207,49,-339
422450381,-2744,1216,15596,-77,6,-134
422453764,-3052,1812,15208,66,-169,45
422457147,-3820,-1208,16476,155,-135,148
422460791,-3868,392,15840,-145,258,-53
422464309,-2384,168,15848,-179,127,-383
422467818,-2788,1484,15664,-288,349,-151
422471461,-2520,980,16224,-244,270,-259
422475018,-3292,656,15588,48,108,149
422478314,-3476,2432,15408,-22,26,278
422481698,-4104,-1984,16936,-82,107,-230
422485341,-3864,356,15876,-109,121,-101
422488922,-2864,428,16132,-124,-58,-263
422492459,-1948,1500,15440,-87,104,-180
422496011,-3168,1856,15284,-108,-7,-58
422499481,-3356,16,15928,40,274,91
422502604,-4412,380,16392,-80,226,114
422505988,-2440,44,15940,-273,395,-210
422509458,-3000,780,15788,-136,122,-279
422513038,-3160,2708,15684,-179,5,-199
422516484,-3584,-320,15656,124,-38,169
422519954,-3936,1032,15600,47,-98,29
422523251,-3688,-1568,16424,14,-34,-109
422526808,-2072,1288,15416,-279,153,-370
422530486,-2884,668,15876,-66,-11,-167
422533921,-3136,516,15648,-252,346,-95
422537395,-2736,2312,15456,-7,104,122
422540799,-3988,-1600,16832,41,147,174
422544244,-4068,860,15928,-1,168,109
422547541,-2768,-140,16196,-273,185,-432
422551184,-2620,1576,15600,-165,-67,-181
422554828,-3176,1612,15264,-50,-122,-168
422558471,-3472,228,16228,64,-111,64
422561768,-3804,416,15696,-85,49,196
422565125,-2908,-1356,16676,-137,255,-350
422568795,-2708,1392,15792,-156,308,-37
422572351,-2744,748,15972,-240,291,-273
422575908,-3004,816,15324,-102,143,-174
422579465,-3336,2420,15700,-4,48,206
422582761,-4116,-1888,16872,110,5,208
422586145,-3948,436,15856,-14,29,-36
422589466,-2972,-188,16192,-157,34,-330
422592998,-1904,1520,15332,-184,91,-316
422596555,-3240,1796,15252,-61,121,181
422600025,-3184,188,15768,-47,245,65
422603321,-4200,728,16208,28,221,145
422606617,-2544,-156,15928,-254,442,-165
422610261,-3340,780,15716,-100,89,-227
422613754,-3044,2220,15804,-215,109,-312
422617375,-3132,704,15488,106,-175,164
422620845,-3172,2048,15072,88,-129,66
422624228,-3600,-1320,16620,-66,-26,-125
422627871,-3852,180,15972,-157,247,-51
422631376,-2420,312,16012,-99,100,-246
422634811,-2528,1388,15656,-264,275,-168
422638479,-2628,2080,15604,-220,265,-263
422642098,-3144,480,15388,10,73,127
422645308,-4068,1088,15984,28,174,166
422648691,-4088,-1964,16964,-109,114,-189
422652421,-2768,1240,15524,-73,65,-50
422655805,-3016,120,16284,-99,-40,-312
422659275,-2852,1104,15844,80,-184,94
422662706,-3396,1748,15204,-46,45,189
422666041,-3072,-1060,16676,-156,204,-238
422669772,-4312,412,16408,-51,259,134
422673155,-2408,200,15892,-340,447,-391
422676712,-3068,996,15660,-60,52,-229
422680095,-3368,2324,15960,-58,127,182
422683565,-3376,308,15520,98,-173,155
422686948,-3932,816,15836,39,81,75
422690096,-3172,-744,16420,-166,-61,-388
422693715,-2160,1148,15640,-247,183,-328
422697358,-3520,1588,15576,-71,55,-129
422700828,-3048,692,15528,-55,132,10
422704125,-3844,1092,16076,72,245,233
422707508,-4104,-1584,16848,-201,349,-76
422711151,-3260,552,15916,-64,211,-199
422714645,-2832,-92,16160,-288,100,-380
422718178,-3092,1064,15256,81,-166,124
422721648,-2980,1660,15428,1,-34,-39
422724944,-3716,-836,16572,63,-145,12
422728328,-2668,460,15620,-98,334,34
422731659,-2340,244,15976,-160,-38,-337
422735181,-2660,1332,15520,-286,354,-152
422738849,-2380,2088,15600,-106,233,-2
422742295,-4076,-912,16472,69,-34,134
422745678,-4108,1160,15976,4,253,182
422748974,-3008,-780,16392,-280,44,-446
422752531,-3140,1088,15620,-99,65,-112
422756001,-2964,1420,15644,-97,-113,-186
422759645,-2632,1496,15632,96,-194,62
422763076,-3652,724,15732,-122,167,184
422766498,-3520,-1312,16780,-117,214,-220
422770228,-3340,788,16120,3,261,141
422773438,-2516,-164,15980,-362,354,-427
422777081,-2840,1280,15160,-78,156,-231
422780638,-3120,2476,15620,-90,0,139
422783935,-4108,-1504,16544,67,38,-7
422787235,-3880,868,15504,49,100,64
422790465,-3076,-644,16456,-153,-82,-357
422794084,-2196,1904,15584,-251,324,-322
422797728,-3228,1520,15664,-72,-35,102
422801198,-2748,1000,15476,-20,237,46
422804581,-3624,1280,15844,3,132,213
422807878,-2816,-932,15992,-91,295,10
422811261,-3444,400,15904,-97,232,-178
422814754,-2856,1972,15968,-135,34,-40
422818201,-2920,1404,15288,105,-91,129
422821671,-3644,1108,15400,46,-45,72
422824967,-3424,-1068,16640,107,-34,19
422828437,-2992,348,15816,-271,258,-313
422832029,-3172,1260,15828,-123,15,-327
422835551,-2692,1376,15488,-142,202,-15
422839132,-2368,2104,15604,-117,204,-41
422842664,-4080,-920,16536,-40,285,138
422846134,-3840,1372,15752,24,113,195
422849517,-3276,-1140,16568,-219,170,-385
422853248,-3316,944,15648,-178,71,-182
422856718,-2984,1176,15708,-155,-80,-338
422860361,-2380,1564,15652,39,-101,20
422863793,-3564,936,15380,-82,-3,175
422867041,-3348,-1372,16764,-90,329,-169
422870685,-3588,736,15884,-19,215,163
422874068,-2924,-616,16012,-325,362,-382
422877711,-2880,1308,15200,-110,259,-258
422881355,-3080,2272,15736,-70,-20,66
422884738,-4052,-1208,16200,146,-133,156
422888406,-3760,904,15612,31,-21,105
422891678,-3156,-888,16500,6,-39,-46
422894975,-2476,648,15540,-263,280,-318
422898531,-3032,1664,15700,-94,68,36
422901828,-2876,1268,15428,-51,243,77
422905211,-3440,1564,15572,47,115,220
422908594,-3180,-1048,16276,-33,320,82
422912068,-3700,196,16188,-103,168,-204
422915644,-2708,1880,15896,-264,119,-486
422919264,-2944,1408,15304,41,-153,96
422922648,-3516,1628,15176,-38,-149,-104
422926291,-3684,-516,16484,51,-50,70
422929588,-3156,120,15708,-77,183,121
422933006,-2220,-332,15844,-139,98,-357
422936528,-2492,1464,15496,-311,366,-152
422940196,-2500,1744,15852,-117,264,-80
422943728,-2908,1108,15156,27,-26,32
422947024,-3556,1936,15772,-13,155,214
422950495,-3628,-1720,16712,96,5,64
422953704,-3480,748,15796,-155,75,-171
422957174,-2824,900,15796,-99,-5,-178
422960558,-3508,396,16180,-10,-134,-56
422964077,-3264,1408,15300,-75,211,190
422967498,-2556,-972,16268,-69,253,-80
422970968,-3900,368,16340,-198,336,-43
422974438,-2576,1220,15964,-387,479,-382
422978081,-2924,1148,15208,-12,-32,-127
422981638,-2860,1724,16076,-141,146,-62
422985195,-3860,-460,15916,110,-132,152
422988776,-3544,1248,15168,62,34,63
422991961,-3380,-1060,16536,-129,-75,-281
422995691,-2988,212,15680,-253,325,-298
422999248,-3196,1228,15816,-85,48,-355
423002718,-2584,1352,15296,-155,191,-13
423006275,-3044,2004,15368,-87,213,-48
423009745,-3892,-668,16132,-39,219,132
423013238,-3924,276,16040,74,122,262
423016511,-3360,-1436,16620,-295,154,-424
423020241,-2792,1628,15236,-168,41,-156
423023798,-2852,1156,15724,-49,-11,-168
423027355,-2400,1648,15376,30,-151,20
423030738,-3388,1148,15236,-83,217,134
423034243,-2492,-560,16116,-66,283,-63
423037703,-3904,436,16412,-217,311,-59
423041148,-2540,1428,15908,-411,515,-404
423044792,-2824,1184,15396,23,-39,-82
423048175,-3428,2200,15464,-124,91,-12
423051645,-3768,-836,16176,123,-121,150
423055202,-3776,460,15732,68,-24,90
423058412,-3356,-880,16296,-168,13,-359
423061968,-2108,1648,15472,-64,-42,-152
423065627,-3220,1456,15980,-114,115,15
423068995,-3484,-624,16232,-114,146,37
423072465,-3164,1712,15536,66,205,178
423075848,-3404,-1228,16676,-323,324,-265
423079578,-3760,156,16192,-76,268,-122
423083048,-2608,1504,15776,-299,152,-479
423086692,-2908,1448,15192,5,-135,71
423090013,-3336,1748,15024,-32,-51,-145
423093545,-3484,-248,16412,108,-173,160
423097102,-3544,76,15900,-56,161,138
423100398,-2428,-612,16140,-172,64,-372
423103955,-2460,1472,15436,-278,333,-135
423107599,-2724,1480,16052,-183,335,-163
423111242,-2788,1292,15312,-31,-66,-60
423114736,-3568,2252,15324,43,183,320
423118096,-4000,-1284,16396,55,-54,61
423121479,-3724,640,16000,-55,132,-74
423124862,-3060,356,16116,-187,60,-322
423128332,-2044,1728,15420,-30,-81,-170
423131889,-3180,1648,15224,-80,70,26
423135224,-3584,-564,16256,-30,203,-31
423138680,-4108,536,16212,-123,369,59
423142039,-3052,-1012,16468,-344,345,-311
423145769,-2776,924,15504,-78,228,-131
423149239,-2560,1676,15916,-181,47,-146
423152796,-3540,-156,15868,10,-162,63
423156179,-3392,1548,15140,45,37,96
423159389,-3508,-1268,16528,-54,-134,-191
423163167,-3500,200,15712,-207,401,-222
423166675,-2968,820,16068,-155,53,-364
423170146,-2464,1508,15548,-212,286,-127
423173789,-2676,2284,15384,-157,297,-147
423177433,-3688,-416,15884,-7,89,197
423180729,-4220,644,16144,57,153,284
423184025,-3792,-1772,16952,-214,50,-346
423187694,-2888,1496,15320,-115,113,-121
423191313,-2784,764,16024,-137,-58,-273
423194869,-2212,1644,15676,-41,-100,-150
423198513,-3336,1604,15196,-57,86,43
423201809,-3520,-632,16312,-34,202,0
423205106,-4256,580,16228,-72,345,96
423208402,-2564,304,16224,-314,279,-379
423211959,-2744,1204,15420,-119,89,-245
423215539,-3188,2380,15460,-114,79,-61
423218986,-3648,-680,15864,74,-88,97
423222282,-3956,984,15792,-33,134,-2
423225579,-3196,-384,16284,-67,-122,-204
423229222,-2036,1560,15388,-173,167,-314
423232866,-2832,940,15876,-129,5,-133
423236284,-3212,448,15752,-6,210,86
423239483,-4200,828,16208,27,138,155
423242755,-3640,-1440,16672,-269,360,-118
423246486,-3244,428,15872,53,277,37
423249695,-2444,576,16104,-284,53,-367
423253165,-3184,740,15344,114,-59,135
423256549,-3676,1100,15444,11,-115,-41
423260019,-3868,-1216,16628,30,-84,-41
423263537,-3724,432,15964,-137,348,-27
423266959,-2512,-48,16088,-155,8,-308
423270342,-2676,1568,15460,-255,427,-190
423273985,-2596,1996,15564,-78,124,43
423277369,-4144,-1068,16760,83,34,144
423280752,-3964,1148,15860,-17,140,212
423284222,-2976,-760,16304,-39,45,-158
423287716,-3148,1080,15652,-171,99,-150
423291249,-2896,1448,15740,-192,-84,-353
423294892,-2696,1368,15568,114,-107,51
423298362,-3440,1048,15460,-137,49,93
423301745,-3416,-1232,16720,-47,225,-115
423305389,-4160,736,16212,-56,284,165
423308772,-2600,-296,15968,-322,331,-356
423312419,-3404,468,15740,-75,224,-225
423315909,-2788,2244,16052,-123,-19,47
423319356,-3220,968,15364,134,-122,171
423322826,-3756,1040,15416,24,7,101
423326035,-3324,-1084,16372,-123,19,-331
423329679,-2752,684,15612,-277,328,-296
423333235,-3152,1340,15960,-113,-55,-315
423336914,-2656,1392,15312,-112,275,7
423340287,-2436,2164,15536,-66,120,28
423343646,-4140,-1124,16764,-51,292,107
423347202,-3776,212,15972,-31,217,164
423350586,-3140,-1024,16148,-226,126,-384
423354316,-3144,944,15756,-150,98,-150
423357786,-2848,1348,15712,-36,-136,-131
423361429,-2720,1500,15524,101,-113,52
423364948,-3620,968,15344,-81,31,127
423368196,-3328,-1372,16708,-57,225,-184
423371839,-3420,816,16064,-315,353,-111
423375396,-2616,-320,16040,-315,327,-382
423379040,-2840,1320,15360,-87,265,-247
423382596,-2956,2216,15796,-108,-33,110
423386153,-3256,772,15552,159,-150,155
423389648,-3712,1148,15468,12,15,57
423392833,-3152,-1056,16540,52,-158,-37
423396390,-2584,616,15468,-321,377,-386
423399946,-3132,1720,15856,-117,-59,-312
423403590,-2752,1188,15412,-84,280,34
423406973,-3332,1812,15428,-93,138,8
423410270,-4128,-1004,16772,-54,299,130
423413850,-3624,276,16084,-35,264,170
423417210,-3140,-880,16384,-239,87,-402
423420766,-2800,1360,15472,-133,98,-159
423424323,-3036,1468,15560,-30,-160,-144
423427967,-2752,1400,15604,85,-148,38
423431350,-3596,1084,15524,-69,158,135
423434820,-2276,-624,15952,-70,218,-145
423438420,-3556,740,16204,-312,401,-141
423441933,-2564,-92,15960,-370,366,-386
423445490,-2768,1116,15104,-17,90,-17
423448873,-3636,2144,15444,-93,-35,46
423452257,-3836,-1276,16460,84,47,73
423455553,-3668,684,15728,-125,77,-103
423459023,-3284,-980,16700,-96,-86,-321
423462628,-2096,1856,15576,-284,430,-343
423466223,-3256,1364,15660,-68,-34,48
423469606,-3164,-460,16408,-90,289,-21
423473077,-3360,1856,15636,79,48,267
423476373,-3020,-1184,16556,-319,480,-313
423480103,-3660,280,15968,-98,234,-166
423483573,-2828,1560,16104,-248,59,-380
423487134,-2992,1256,15384,13,-45,13
423490451,-3400,1600,14916,91,-59,70
423493723,-3868,-468,16316,143,-91,146
423497193,-3556,32,16012,-234,290,-240
423500663,-2976,1012,15884,-154,92,-393
423504220,-2488,1444,15512,-194,200,-93
423507777,-2496,1428,15992,-188,225,-188
423511420,-3668,-72,15872,5,85,-19
423514568,-4040,412,16096,35,81,275
423517753,-3700,-1712,16776,-161,168,-349
423521483,-2840,1332,15408,-112,42,-109
423525040,-2860,516,16012,-97,27,-257
423528423,-3272,596,15996,-96,-23,-105
423531893,-3288,1668,15104,-41,95,175
423535276,-2768,-1012,16516,-168,103,-334
423539048,-4524,240,16408,-121,318,45
423542390,-2640,580,15860,-335,429,-333
423545947,-2904,1032,15580,-75,19,-161
423549417,-3440,2412,15780,-184,97,-155
423552973,-3400,-88,15836,99,-81,116
423556270,-3948,736,15848,69,-84,58
423559480,-3772,-1364,16388,-65,-4,-168
423563097,-2320,1224,15548,-192,92,-313
423566593,-2808,800,16112,-120,114,-171
423570150,-3180,576,15700,-10,157,62
423573446,-2620,2160,15332,45,96,165
423576743,-3900,-1460,16800,-251,349,-117
423580473,-4000,476,15980,7,219,67
423583596,-2604,244,15988,-313,204,-366
423587156,-3140,940,15260,-95,-98,-84
423590561,-2920,1692,15156,41,-48,-9
423593832,-3724,-1020,16400,42,-164,-35
423597389,-3784,256,15784,-84,283,31
423600686,-2444,236,15944,-143,-19,-301
423604242,-2620,1272,15348,-303,380,-171
423607886,-2504,2204,15740,-90,192,9
423611183,-4144,-1192,16704,51,-57,169
423614677,-3960,1304,15756,3,310,205
423617949,-3068,-948,16392,-261,61,-436
423621506,-3132,900,15536,-128,86,-153
423624976,-2936,1364,15784,-70,-125,-136
423628619,-2500,1428,15648,60,-185,25
423632003,-3496,1052,15340,-120,129,107
423635559,-3332,-1092,16580,-49,207,-158
423639244,-4336,816,16156,62,239,235
423642499,-2584,-408,15916,-378,342,-431
423646143,-2876,1348,15160,-87,126,-189
423649700,-2996,2020,15912,-144,99,23
423653083,-3896,-896,16184,109,-219,137
423656640,-3728,992,15384,50,108,85
423659849,-3228,-1000,16536,-131,-96,-316
423663628,-2624,592,15472,-231,370,-296
423667136,-2296,44,15856,-152,34,-328
423670519,-2456,1532,15080,-112,202,-13
423674076,-2444,2260,15652,-26,197,41
423677460,-4196,-1224,16740,-76,197,113
423681016,-3676,372,15996,14,244,193
423684313,-3288,-1236,16472,-270,97,-416
423687981,-2936,1380,15524,-118,-8,-197
423691513,-2836,1212,15684,-104,-32,-180
423695157,-2600,1568,15504,64,-208,44
423698540,-3652,988,15656,-45,240,155
423701923,-2388,-496,16068,-108,227,-155
423705567,-3820,484,16060,-218,409,-62
423709036,-2752,-680,16168,-362,443,-379
423712704,-2728,1420,15480,-129,175,-213
423716324,-2936,1852,15792,-72,80,29
423719620,-3944,-868,16156,106,-113,66
423723090,-3536,1168,15376,85,30,117
423726387,-3208,-1068,16544,-175,-26,-328
423730117,-2768,656,15576,-263,273,-349
423733674,-3272,1344,15964,-82,58,-304
423737147,-2524,1428,15476,-127,190,-2
423740655,-3248,1864,15300,-58,159,-4
423743997,-4128,-928,16468,-78,224,107
423747467,-3812,464,15988,-12,214,-75
423750850,-3356,-1224,16464,-230,190,-384
423754580,-2808,1348,15532,-186,17,-195
423758137,-2892,1272,15728,-29,-80,-146
423761694,-3628,-148,16172,33,-100,51
423765125,-3660,1024,15672,-9,138,144
423768460,-2512,-588,16084,-216,110,-396
423772104,-3720,356,16192,-240,297,-94
423775574,-2720,1560,16028,-343,415,-392
423779217,-2804,1196,15436,15,-32,-7
423782514,-3584,2164,15308,-79,21,23
423785810,-3908,-940,16252,87,-91,103
423789218,-3788,588,15936,-83,134,-69
423792577,-2796,460,15944,-174,36,-365
423796047,-2244,1672,15544,-45,-60,-137
423799604,-3208,1616,15092,-84,117,-28
423803074,-3360,-284,16036,-42,195,36
423806457,-4264,244,16392,92,130,269
423809753,-3312,-1276,16592,-351,368,-286
423813508,-2908,928,15656,-36,208,-93
423816867,-2620,1244,16032,-243,77,-226
423820424,-3404,184,15632,0,-155,1
423823547,-3492,1672,15036,39,41,58
423826756,-3692,-1356,16488,-62,-137,-215
423830487,-2164,1300,15288,-161,417,-153
423834130,-2900,692,15848,-72,-80,-163
423837623,-2484,1540,15492,-202,315,-119
423841279,-2500,2328,15324,-215,304,-206
423844887,-3504,156,15700,44,64,204
423848097,-3968,652,16184,-37,258,11
423851393,-2748,72,16000,-140,58,-279
423854777,-2816,1396,15540,-119,42,-116
423858333,-2932,1676,15332,-111,-136,-306
423862067,-3184,812,15912,185,-127,147
423865582,-3224,1668,15296,-132,101,152
423869090,-2904,-1116,16588,-120,170,-302
423872821,-4168,660,16284,-129,347,55
423876204,-2528,388,16068,-305,331,-253
423879761,-2920,1000,15608,-92,145,-194
423883317,-2680,1348,15932,-237,67,-186
423886874,-3488,64,15712,154,-133,181
423890282,-3916,572,15728,15,-16,83
423893467,-3624,-1152,16448,-47,-93,-189
423897111,-2108,1304,15316,-201,416,-202
423900754,-3140,668,16088,-102,-76,-144
423904311,-2492,1452,15472,-196,320,-139
423907954,-2636,2240,15244,26,48,168
423911251,-3920,-232,16076,51,82,196
423914572,-3968,572,15992,-51,280,7
423917757,-2704,300,15992,-235,57,-358
423921227,-2996,1600,15560,-87,40,-89
423924610,-3072,1692,15316,32,-115,-5
423927994,-3748,-1036,16612,167,-100,156
423931637,-3996,-32,15992,-154,282,-48
423935107,-2520,484,15824,-177,140,-382
423938687,-2740,1324,15672,-322,343,-173
423942342,-2592,752,15884,-231,255,-289
423945864,-3252,712,15388,-45,127,-181
423949334,-3284,2368,15496,-46,40,225
423952717,-3996,-1928,16876,-16,58,-138
423956274,-3820,748,15800,-62,96,-47
423959571,-3048,-368,16296,-135,-73,-327
423963263,-2252,1404,15512,-182,214,-249
423966858,-3108,1764,15420,-105,-10,-137
423970501,-3080,404,15780,7,266,69
423973624,-4308,516,16196,-32,194,135
423977007,-3572,-1344,16744,-239,356,-178
423980737,-3324,668,15812,-38,286,8
423983947,-2748,680,16116,-243,8,-294
423987334,-3260,764,15520,167,-78,165
423990738,-3948,732,15684,58,-117,55
423994010,-3752,-1200,16396,-29,-15,-100
423997654,-2368,892,15348,-181,321,-90
424001124,-2808,596,16056,-119,14,-247
424004594,-2976,976,15228,-29,201,68
424007890,-2664,2068,15384,-56,117,74
424011274,-3908,-1312,16852,-160,374,-17
424014942,-4104,828,16028,-21,184,89
424018214,-2696,-216,16068,-223,114,-370
424021857,-2864,1084,15548,-161,41,-182
424025414,-2988,1872,15384,56,-154,12
424028797,-3224,904,15956,139,-138,171
424032267,-3756,464,15760,-146,232,16
424035650,-2332,0,15972,-120,246,-294
424039057,-2992,1072,15692,-340,341,-181
424042712,-2524,2024,15608,-291,299,-350
424046321,-3028,896,15216,20,17,75
424049443,-3860,1416,15760,-4,173,192
424052827,-4084,-1584,16728,6,63,-61
424056123,-3140,884,15620,-156,-9,-164
424059593,-2812,1368,15720,-131,-2,-333
424063252,-2488,1372,15460,60,-187,34
424066533,-3540,844,15348,-52,38,162
424069830,-3368,-1400,16644,-146,275,-184
424073560,-3440,792,16008,-33,180,140
424076943,-2660,-348,16096,-339,437,-396
424080587,-2660,1292,15200,-96,121,-254
424084144,-3180,2188,15748,-47,114,100
424087638,-3176,900,15420,115,-189,158
424091088,-3884,752,15652,77,49,90
424094206,-3020,-636,16432,-195,-31,-380
424097850,-2336,1020,15340,-236,183,-282
424101494,-3100,1512,15728,-86,93,-248
424104963,-2988,1112,15432,-76,151,29
424108347,-3604,1264,15656,-41,195,67
424111730,-4108,-1268,16856,-128,284,6
424115225,-3492,180,16084,-109,269,-199
424118757,-2736,-132,16216,-308,94,-440
424122314,-2972,1284,15424,-130,-9,-170
424125870,-2888,1760,15296,-21,-36,-40
424129340,-3656,-896,16424,143,-259,149
424132897,-3852,368,15844,-80,335,72
424136194,-2412,-72,15888,-163,208,-315
424139774,-2932,912,15724,-299,386,-177
424143346,-2528,2164,15672,-320,423,-383
424146951,-3024,940,15156,66,-75,109
424150247,-3868,1436,15808,-22,97,201
424153630,-4120,-1772,16692,-30,-39,-117
424157274,-3160,996,15564,10,54,51
424160397,-3064,-368,16228,-190,-26,-358
424164089,-2508,1612,15468,-175,75,-301
424167597,-3060,1816,15480,-85,122,144
424171067,-3356,-1096,16628,-43,165,92
424174537,-4072,668,16164,30,281,178
424177834,-2744,-288,16100,-394,345,-463
424181477,-3192,792,15948,-75,149,-198
424184947,-3112,1964,15908,-132,49,49
424188355,-3244,888,15428,100,-186,136
424191800,-4104,584,15844,39,116,94
424195010,-3036,-584,16364,-57,-59,-111
424198567,-2420,908,15404,-209,262,-307
424202124,-3124,1692,15740,-168,37,-287
424205680,-2768,1248,15276,-17,166,83
424209064,-3464,1460,15572,-112,226,4
424212471,-4072,-1016,16812,-47,239,129
424216003,-3608,-56,16208,2,319,122
424219213,-2624,160,16012,-298,-26,-437
424222770,-3128,856,15504,114,-84,124
424226153,-2904,1712,15296,-94,-85,-141
424229710,-3792,-872,16584,135,-135,148
424233267,-3996,104,16024,-116,318,79
424236650,-2360,180,16044,-151,-18,-357
424240230,-2948,900,15796,-276,437,-151
424243798,-2648,2020,15660,-312,335,-345
424247407,-3052,928,15016,54,-31,104
424250703,-3900,1500,15608,1,219,216
424254000,-4128,-1788,16688,20,-19,-71
424257470,-3184,932,15744,-149,144,-143
424261027,-3156,-440,16508,-169,-69,-331
424264719,-2416,1568,15552,-242,140,-308
424268314,-3144,1864,15420,-97,49,127
424271697,-3448,-1320,16868,-13,118,68
424275167,-4108,844,16132,-15,283,143
424278550,-2580,-316,16152,-335,379,-388
424282194,-3340,648,15684,-52,189,-202
424285664,-3020,2084,16016,-295,112,-394
424289332,-3172,904,15444,117,-195,123
424292777,-3656,980,15504,24,20,-23
424295987,-3852,-1048,16524,26,-187,6
424299370,-2448,752,15644,-298,375,-377
424302927,-2400,448,15756,-115,-68,-275
424306484,-2792,1196,15416,-30,243,28
424309867,-2532,2052,15708,-123,209,7
424313275,-4140,-1172,16532,-90,255,89
424316720,-3624,288,15960,28,250,179
424320017,-2948,-644,16380,-269,45,-439
424323574,-3000,1300,15320,-101,55,-126
424327130,-2792,1548,15608,-14,-146,-132
424330774,-2884,1292,15640,136,-170,135
424334331,-3764,544,15708,-106,232,77
424337737,-3160,-1240,16720,-144,181,-255
424341444,-2992,980,15828,-28,336,74
424344775,-2668,156,15988,-286,275,-313
424348297,-2904,1172,15420,23,33,54
424351507,-3800,1664,15416,-71,60,160
424354890,-4268,-1712,16680,40,-26,-51
424358360,-3312,832,15672,-183,99,-176
424361830,-2900,-380,16244,-176,-81,-383
424365522,-2468,1564,15564,-200,195,-295
424369117,-3092,1864,15372,-128,25,131
424372587,-3040,716,15504,15,218,90
424375797,-3848,1068,15804,-25,157,200
424379267,-2736,-740,16176,-299,391,-377
424382911,-3232,340,15976,-172,283,-348
424386467,-3012,2448,15640,-252,-9,-358
424390049,-3280,416,15516,147,-55,145
424393407,-3748,1404,15416,-30,-114,-63
424396964,-3808,-1220,16724,49,-43,25
424400347,-2712,820,15616,-180,359,-64
424403817,-2440,296,15980,-119,-37,-280
424407374,-2744,1172,15248,-288,412,-164
424411018,-2804,2072,15416,-59,140,75
424414425,-3968,-1240,16696,76,28,147
424417784,-3964,1048,15848,-8,210,158
424421167,-2892,-596,16248,-27,-21,-165
424424724,-2932,1280,15628,-153,52,-158
424428281,-2812,1560,15560,-164,-82,-342
424431924,-2784,1412,15528,147,-134,125
424435481,-3112,1704,15244,-119,15,156
424438974,-3284,-1208,16620,-117,258,-269
424442681,-4088,656,16300,-92,304,165
424446100,-2640,64,16276,-264,321,-202
424449535,-3248,836,15752,-100,184,-214
424453091,-3020,2328,15644,-244,48,-254
424456648,-3408,500,15404,168,-98,172
424460031,-3960,584,15792,67,-35,105
424463376,-3616,-1424,16536,-52,-64,-153
424466971,-2232,1284,15660,-245,210,-314
424470615,-2756,764,15904,-66,-55,-160
424474085,-3064,744,15548,-206,344,-129
424477641,-2712,2184,15308,-6,46,162
424480938,-3984,-1540,16848,-184,403,-115
424484668,-3956,744,16000,-52,245,28
424487989,-2608,196,16152,-156,0,-317
424491348,-2864,1448,15636,-88,54,-99
424494731,-3012,1836,15204,28,-145,-31
424498201,-3180,768,15724,171,-111,174
424501671,-3884,-120,15916,-163,278,-60
424505228,-2748,-1048,16592,-193,161,-419
424508958,-2620,1468,15600,-157,410,-13
424512540,-2672,660,16132,-251,234,-272
424516072,-3016,1168,15404,-34,135,-178
424519629,-3352,2472,15460,5,15,296
424522838,-4092,-1976,16980,175,-88,145
424526395,-3888,520,15980,-69,116,-56
424529778,-3044,60,16144,-98,-94,-269
424533162,-2028,1700,15308,-141,99,-211
424536718,-3236,1644,15252,-103,74,142
424540211,-3356,0,16016,8,293,61
424543138,-4352,612,16292,-38,230,114
424546556,-2508,52,15884,-321,435,-419
424549991,-3052,952,15704,-140,91,-283
424553461,-3332,2328,15524,53,91,239
424556758,-3972,-1664,16656,92,-49,115
424560228,-4184,664,15716,45,34,54
424563411,-3040,-424,16240,-227,20,-367
424566907,-2088,1396,15500,-190,75,-332
424570464,-3180,1752,15664,-90,126,138
424573934,-3060,444,15416,-6,166,89
424577144,-3892,996,15928,32,236,176
424580440,-2532,-300,16132,-334,325,-397
424584084,-3336,444,15824,-97,220,-219
424587578,-2952,2296,15704,-273,141,-370
424591197,-3200,796,15612,109,-185,172
424594667,-3996,932,15596,69,-51,-5
424597877,-3736,-1188,16652,-18,-124,-40
424601521,-2584,696,15836,-145,328,-56
424604990,-2420,504,15828,-134,-14,-246
424608547,-2732,1016,15508,-276,312,-157
424612194,-2616,2132,15596,-77,204,39
424615599,-4096,-1352,16872,4,-22,173
424618957,-3996,1024,15980,19,306,137
424622340,-2976,-460,16200,-259,34,-401
424625897,-2932,1108,15480,-109,57,-119
424629454,-2824,1620,15416,-166,-1,-342
424633011,-2908,1092,15736,142,-230,136
424636568,-3836,544,15644,-65,133,172
424639974,-3152,-1288,16552,-119,162,-244
424643681,-4280,524,16500,-51,319,150
424647099,-2536,376,15928,-314,294,-378
424650621,-2988,1004,15588,-57,121,-203
424654178,-3404,2356,15676,-44,44,166
424657561,-3396,332,15676,159,-183,201
424661031,-3956,492,15940,-47,138,-4
424664376,-3140,-404,16240,-77,-109,-145
424667971,-2024,1120,15704,-232,228,-338
424671615,-2836,1148,15740,-149,16,-144
424675171,-3204,364,15628,14,210,65
424678381,-4040,1052,16028,-47,227,142
424681851,-3964,-1548,16896,-192,316,-108
424685581,-3868,412,16172,-25,299,-22
424688989,-2656,608,16056,-254,36,-361
424692435,-2764,1416,15392,-6,-52,-47
424695818,-3040,1752,15332,21,-133,-28
424699288,-3560,-984,16516,130,-160,138
424702845,-3908,120,15888,-161,291,-43
424706315,-2572,500,15884,-186,143,-372
424709871,-2672,1376,15804,-263,375,-149
424713539,-2500,1076,15900,-276,257,-265
424717158,-3232,588,15460,-26,54,-112
424720542,-3564,2412,15540,-24,56,257
424723925,-4036,-2024,17100,-69,82,-231
424727482,-3908,348,15972,-80,144,-57
424730865,-2672,308,16200,-108,-119,-312
424734508,-2204,1644,15488,-72,49,-152
424738001,-3000,1784,15272,-156,70,-45
424741448,-3408,-276,16108,38,243,46
424744745,-4012,480,16256,-150,288,0
424748076,-2576,488,15976,-302,335,-248
424751598,-3032,968,15596,-115,203,-209
424755155,-3316,2360,15688,-182,-23,-190
424758798,-3516,124,15732,155,-33,171
424762185,-3340,1544,15056,42,-55,68
424765526,-3492,-1212,16516,-65,-63,-176
424769122,-2044,1244,15628,-249,440,-227
424772765,-2844,928,15864,-85,-60,-154
424776235,-2356,1632,15452,-150,360,-72
424779792,-2908,2052,15256,-12,68,163
424783175,-3796,-216,15816,51,161,177
424786558,-4092,312,16088,-40,198,-10
424789966,-2668,660,16088,-200,78,-377
424793412,-2780,1524,15396,-54,-64,-34
424796882,-3080,1700,15100,-77,-158,-213
424800525,-3436,380,16132,119,-91,211
424803908,-3608,-8,15796,-59,86,164
424807118,-2632,-840,16236,-172,186,-389
424810761,-2496,1608,15740,-254,372,-60
424814343,-2552,1192,15900,-180,267,-224
424817962,-2956,1312,15372,-10,65,-83
424821345,-3424,2300,15568,-15,63,274
424824728,-3804,-1892,16744,127,18,73
424828112,-3828,572,15800,-84,37,-103
424831495,-2752,388,15948,-124,6,-260
424834878,-3196,832,15736,-100,-54,-153
424838458,-3116,1732,15076,-9,98,199
424841731,-3028,-1204,16532,-45,296,36
424845201,-4192,560,16220,-135,308,3
424848533,-2644,512,15796,-282,351,-289
424852055,-3020,1096,15680,-86,36,-226
424855525,-3464,2348,15728,2,105,228
424858821,-3644,-276,15708,115,-143,185
424862426,-3992,476,16052,-12,149,-64
424865761,-2780,-32,16296,-131,-36,-237
424869318,-2140,1400,15436,-146,78,-260
424872875,-2920,1124,15860,-69,70,-61
424876258,-3236,172,15768,-3,181,105
424879554,-4008,848,16076,15,173,176
424882851,-3720,-1528,16744,-235,329,-117
424886581,-3076,708,15868,-52,246,-73
424889989,-2616,1280,15712,-223,2,-283
424893434,-3292,156,15344,17,-114,1
424896644,-4048,868,15664,23,-25,12
424899854,-3616,-1384,16620,-49,-71,-106
424903497,-2288,1024,15508,-167,362,-120
424907141,-2416,756,15780,-118,-46,-223
424910698,-2528,1404,15580,-180,299,-114
424914366,-2668,2168,15360,-254,308,-229
424917984,-3504,268,15544,71,31,208
424921194,-4116,652,16120,-30,254,78
424924491,-2748,56,16184,-167,66,-333
424927874,-2696,1360,15404,-70,5,-126
424931257,-2780,1924,15236,-4,-110,-8
424934641,-3052,808,15836,187,-164,146
424938134,-3748,144,15588,-162,280,-16
424941581,-2800,-1032,16544,-101,146,-309
424945311,-2940,1108,15756,-117,394,59
424948816,-2476,580,15992,-273,289,-353
424952338,-3072,1132,15012,-71,99,-225
424955808,-3324,2668,15800,32,-2,302
424959104,-4140,-2076,17040,-81,126,-237
424962797,-3944,936,15660,-51,119,-8
424966044,-3020,-384,16412,-130,-90,-355
424969687,-2204,1412,15352,-198,236,-307
424973331,-3072,1608,15464,-81,-58,-140
424976888,-3224,400,15640,23,262,93
424980098,-4160,680,16272,-27,208,119
424983481,-3748,-1480,16676,-234,362,-170
424987214,-3216,704,15636,-19,315,18
424990532,-2724,484,16036,-256,50,-350
424993978,-3120,908,15240,143,-82,207
424997361,-3176,1656,15252,62,-107,51
425000744,-3724,-1076,16392,-29,-10,-103
425004388,-3784,36,15968,-162,293,-82
425007771,-2552,544,15952,-115,4,-258
425011154,-2840,840,15380,-233,376,-127
425014735,-2600,2320,15372,-43,101,72
425018094,-4164,-1372,16880,45,115,171
425021564,-4032,736,16156,-22,183,106
425024947,-2828,-160,16240,-232,138,-378
425028591,-2988,1292,15448,-130,-34,-151
425032234,-2804,292,16284,-115,-118,-280
425035878,-3000,1056,15704,65,-107,94
425039284,-3048,1960,15140,-35,-8,197
425042644,-3056,-1372,16640,-171,320,-315
425046375,-4120,668,16196,-162,261,8
425049706,-2500,512,16000,-233,326,-281
425053228,-3132,940,15700,-122,159,-187
425056785,-3212,2428,15548,-22,15,214
425060168,-3540,44,15584,142,-61,185
425063567,-4020,384,16000,-3,43,-21
425066674,-3032,-64,16404,-145,9,-314
425070057,-2180,1360,15440,-184,88,-233
425073614,-3004,1816,15408,-67,99,72
425076911,-3376,-1084,16684,-19,251,91
425080381,-4188,516,16228,-4,155,126
425083677,-2256,316,15844,-396,411,-386
425087237,-3248,640,15512,-58,82,-176
425090642,-3152,2364,16092,-84,92,120
425094000,-3200,776,15272,120,-210,170
425097470,-3952,716,15440,68,87,61
425100593,-2896,-568,16424,-154,-81,-349
425104237,-2316,804,15544,-231,263,-293
425107793,-3160,1892,15532,-152,101,-302
425111437,-2812,912,15300,-23,119,92
425114758,-3760,1412,15812,-46,222,43
425118117,-4128,-1212,16788,-114,250,71
425121674,-3468,44,15908,19,214,82
425124797,-2848,2364,15792,-309,54,-409
425128353,-3128,712,15552,161,-153,129
425131823,-2904,1996,15300,-55,-24,-75
425135293,-3800,-1244,16556,71,-120,15
425138787,-2756,664,15700,-130,338,8
425142060,-2400,-8,15804,-139,-58,-345
425145530,-2464,1644,15328,-281,396,-207
425149173,-2644,2164,15764,-86,116,15
425152595,-4140,-1188,16604,76,0,149
425155853,-3928,1276,15728,5,146,214
425159150,-3124,-864,16372,-247,117,-433
425162841,-3028,1008,15636,-158,77,-136
425166350,-2832,1444,15572,-50,-126,-142
425169993,-2740,1528,15660,125,-111,56
425173463,-3664,728,15680,-118,32,156
425176847,-3508,-1232,16672,-72,312,-198
425180490,-3500,692,16024,-27,286,151
425183873,-2632,-232,16096,-340,350,-401
425187541,-2840,1132,15492,-75,240,-223
425191074,-3072,2256,15812,-55,-20,117
425194544,-4128,-1432,16556,144,-148,190
425198187,-3864,864,15544,0,69,35
425201223,-3188,-744,16368,-125,-36,-302
425204867,-2456,708,15532,-294,362,-335
425208424,-3184,1752,15696,-146,-57,-294
425212070,-2732,976,15416,-27,253,93
425215388,-3644,1444,15712,-94,147,58
425218747,-4036,-1436,16812,-87,345,31
425222217,-3540,432,15804,-137,200,-209
425225774,-2884,-332,16228,-285,54,-432
425229330,-3024,1096,15376,-92,41,-116
425232800,-2816,1512,15672,-51,-148,-107
425236444,-2896,1180,15600,128,-149,109
425240024,-3840,616,15788,-126,142,70
425243384,-2400,-164,15944,-149,243,-277
425247027,-3152,988,15968,-302,344,-161
425250584,-2448,324,15952,-343,292,-361
425254176,-2984,980,15252,-64,192,-186
425257611,-3144,2572,15680,-33,-11,166
425261081,-4188,-1952,16656,168,-165,233
425264773,-3968,788,15848,-40,84,-24
425268021,-3072,-628,16396,-152,-46,-327
425271664,-2220,1088,15572,-225,241,-333
425275308,-2752,708,15920,-130,-46,-181
425278865,-3076,712,15544,28,219,79
425282074,-3972,956,16148,-71,197,100
425285457,-3812,-1320,16960,-175,310,-76
425289126,-3364,452,15936,6,310,119
425292311,-2652,32,16040,-284,69,-417
425295694,-3084,1132,15556,113,-81,160
425299164,-3756,988,15528,2,-144,11
425302374,-3856,-1020,16424,47,-57,-33
425305844,-2576,672,15444,-248,220,-318
425309401,-2368,136,16116,-139,-3,-295
425312895,-2728,1316,15436,-311,422,-184
425316514,-2672,1960,15620,-98,114,2
425319811,-3944,-988,16760,-86,291,56
425323194,-3864,1508,15492,4,176,173
425326490,-3292,-1256,16300,-221,148,-420
425330221,-2900,932,15676,-265,104,-285
425333777,-2956,1712,15392,55,-158,30
425337164,-3104,676,15904,102,-106,68
425340567,-3596,1044,15540,-64,138,140
425344014,-3208,-1556,16668,-93,260,-245
425347657,-3060,1140,15996,-327,350,-193
425351301,-2476,68,16028,-289,305,-362
425354806,-2964,1220,15240,-73,207,-234
425358328,-3128,2384,15700,-43,-17,184
425361797,-4284,-1620,16596,147,-88,192
425365403,-4036,728,15848,4,24,18
425368391,-3088,-616,16436,-141,12,-316
425371947,-2200,1180,15284,-245,257,-345
425375591,-3244,1616,15592,-84,12,112
425378974,-3012,900,15516,-18,258,60
425382271,-3932,904,15980,41,121,186
425385567,-2600,-352,16136,-378,464,-411
425389235,-3344,692,15800,-118,175,-200
425392767,-3104,1832,15956,-249,34,-391
425396324,-2936,1148,15312,88,-88,133
425399707,-3916,900,15608,22,-168,-1
425403004,-3872,-996,16472,8,15,9
425406040,-2776,588,15344,-255,234,-304
425409597,-3020,1548,15724,-128,71,-319
425413178,-2700,1216,15372,-83,172,88
425416537,-3400,1424,15580,-89,162,-18
425420007,-4096,-848,16540,-68,257,103
425423477,-3580,168,16120,-2,175,177
425426773,-2920,-568,16260,-225,139,-413
425430417,-3012,1288,15460,23,-169,65
425433800,-2796,1568,15556,-13,-94,-93
425437273,-3728,-464,16188,62,-156,89
425440677,-3712,504,15472,-79,184,108
425444037,-2308,-284,15984,-196,87,-362
425447593,-2332,1640,15340,-360,378,-216
425451237,-2856,1864,15632,-53,268,23
425454624,-2944,872,15260,-26,0,49
425457778,-3756,1784,15532,33,184,244
425461126,-3452,-1420,16684,-228,79,-418
425464818,-3236,820,15720,-159,38,-199
425468240,-2796,1460,15696,-65,-79,-115
425471797,-2580,1468,15556,46,-186,38
425475180,-3432,1196,15512,-54,226,157
425478650,-3664,-1308,16788,-107,241,-89
425482293,-3492,584,16132,7,222,146
425485503,-2584,-272,16036,-358,385,-364
425489171,-2928,1136,15300,-16,32,-56
425492530,-3016,2336,15916,-57,58,84
425495826,-3976,-1304,16364,77,-59,80
425499210,-3620,632,15760,77,63,99
425502332,-2748,796,15900,-156,-108,-349
425505976,-2240,1660,15496,12,-25,-85
425509359,-3220,1604,15240,-116,41,13
425512767,-3548,-760,16416,8,272,46
425515952,-4188,156,16412,-197,338,-51
425519422,-2928,-980,16400,-348,386,-390
425523066,-3048,1040,15484,-76,64,-150
425526536,-2880,1960,16064,-161,-29,-73
425530092,-3760,-572,15860,119,-139,110
425533649,-3564,1344,15080,38,-36,99
425536949,-3336,-1236,16540,-76,-22,-288
425540613,-3092,328,15820,-304,379,-221
425544146,-3032,1088,15788,-177,-7,-348
425547703,-2488,1616,15272,-108,272,-43
425551260,-2584,1964,15704,-106,169,-27
425554816,-3972,-744,16236,-40,231,120
425558322,-3776,1812,15652,-20,236,204
425561756,-3412,-1336,16820,-191,38,-373
425565460,-3236,856,15620,-171,145,-188
425568957,-2792,1260,15708,-123,-98,-331
425572600,-2380,1548,15724,59,-93,33
425575897,-3484,1240,15448,-133,60,132
425579367,-3588,-1436,16764,-66,291,-138
425583010,-3588,860,16204,-30,282,149
425586393,-2564,-444,16252,-319,349,-377
425590061,-2812,1164,15392,-101,257,-239
425593680,-3012,2336,15808,-88,-42,98
425597064,-3984,-1420,16472,125,-161,166
425600707,-3932,1044,15536,21,17,93
425603917,-3120,-976,16612,21,-110,-39
425607387,-2660,580,15656,-297,357,-350
425610943,-3040,1732,15788,-170,-6,-305
425614525,-2868,1012,15336,-21,220,57
425617884,-3444,1580,15672,-113,203,27
425621354,-4020,-1260,16720,-33,226,97
425624824,-3680,284,15884,-61,323,110
425628207,-2892,-496,16308,-252,19,-427
425631763,-3032,1216,15408,-127,61,-157
425635320,-2760,1716,15360,-8,-171,-110
425638900,-3760,-660,16328,165,-213,134
425642434,-3780,660,15696,-86,189,92
425645730,-2368,-192,16020,-151,220,-274
425649374,-3084,1088,15984,-315,395,-158
425653017,-2392,344,15972,-317,319,-335
425656574,-2988,984,15228,28,46,57
425659732,-3648,1688,15740,-97,50,135
425663129,-4128,-1504,16508,77,21,-46
425666464,-3276,664,15856,-205,19,-173
425669933,-3012,-380,16240,-173,-16,-373
425673577,-2532,1564,15388,-199,226,-311
425677221,-3072,1760,15608,-92,39,136
425680604,-3556,-1276,16764,8,225,96
425683900,-4140,804,15856,-33,197,120
425687287,-2636,-240,16024,-304,409,-363
425690956,-3428,580,15848,-139,212,-223
425694484,-3020,2312,16000,-295,43,-389
425698041,-3028,1020,15332,112,-91,141
425701511,-4000,832,15568,58,-169,4
425704720,-3760,-1028,16680,-2,-3,-80
425708104,-2468,644,15464,-282,201,-377
425711660,-2348,376,15932,-127,36,-293
425715155,-2660,1128,15316,-110,206,47
425718600,-3536,1732,15520,-103,158,-52
425722157,-4196,-948,16696,-24,304,149
425725627,-4192,484,15924,-6,202,136
425728924,-2892,56,16096,-237,96,-441
425732307,-3096,824,15524,90,-209,145
425735690,-3044,1648,15484,-38,-84,-158
425739270,-3704,-736,16428,84,-156,101
425742717,-3724,568,15688,-101,200,113
425746187,-2368,-88,16024,-202,119,-408
425749744,-3016,1020,16012,-286,329,-147
425753387,-2696,1856,15736,-280,397,-347
425757030,-2960,960,15428,24,-31,44
425760275,-3788,1696,15772,-38,11,193
425763672,-4260,-1860,16532,-13,63,-59
425767094,-3340,784,15616,-129,32,-159
425770564,-2948,-620,16444,-156,52,-362
425774120,-2488,1656,15324,14,-163,5
425777417,-3588,1072,15492,3,27,117
425780627,-3636,-1304,16712,-137,297,-115
425784357,-3560,744,16108,27,171,175
425787678,-2780,-528,16076,-394,458,-373
425791297,-2744,1336,15312,-128,158,-266
425794940,-2892,2208,15588,-66,81,65
425798237,-3980,-1184,16240,84,-169,144
425801794,-3744,1164,15584,107,16,75
425805090,-3192,-1012,16556,-39,-64,0
425808473,-2732,580,15608,-238,221,-331
425812034,-2936,1608,15864,-118,85,17
425815438,-2724,1312,15360,-53,155,41
425818797,-3616,1372,15848,60,220,226
425822180,-2856,-908,16120,-132,299,93
425825650,-3884,84,15944,-24,247,-137
425829033,-2604,1720,15984,-348,137,-481
425832677,-2868,1360,15260,102,-156,115
425836233,-2884,1536,15420,-72,-21,-121
425839813,-3684,-432,16532,90,-199,105
425843260,-3676,848,15492,-27,277,148
425846643,-2316,-440,16000,-207,41,-404
425850200,-3440,772,16012,-261,318,-147
425853757,-2612,1908,15812,-147,279,-86
425857314,-2884,1052,15356,-20,-78,12
425860732,-3556,1888,15608,35,212,238
425864129,-4200,-1536,16384,36,-33,13
425867463,-3352,704,15916,-126,101,-181
425871020,-2752,1176,15820,-194,49,-365
425874577,-2484,1500,15588,49,-180,20
425877960,-3248,1460,15148,-133,168,50
425881430,-3412,-976,16364,-34,197,-76
425884900,-4104,516,16204,55,178,219
425888221,-2796,-700,16164,-396,402,-386
425891840,-2988,1144,15504,-105,161,-233
425895484,-2852,2000,15876,-130,128,-39
425899040,-2976,1164,15428,86,-216,118
425902510,-3672,1288,15452,97,44,120
425905807,-3164,-1112,16484,-3,-81,-5
425909190,-2988,420,15796,-227,288,-289
425912771,-3056,1472,16004,-212,131,-361
425916390,-2724,1388,15152,-66,142,30
425919774,-3184,1812,15576,-85,266,-16
425923244,-4160,-876,16536,-35,194,126
425926714,-3836,224,16056,52,192,185
425930010,-3160,-960,16376,-301,98,-421
425933567,-2932,1344,15684,89,-116,55
425936954,-2796,1584,15780,-75,-58,-136
425940530,-3716,-488,16476,128,-152,118
425944063,-3620,912,15376,-77,282,136
425947447,-2300,-476,16024,-188,25,-363
425951003,-3484,732,16020,-236,412,-124
425954560,-2520,1656,15912,-409,411,-424
425958204,-3040,1168,15276,66,-37,18
425961535,-3636,1908,15556,-103,90,79
425964933,-3952,-1144,16268,56,-67,23
425968267,-3564,624,15912,-126,170,-131
425971824,-2988,-848,16324,-200,-39,-375
425975467,-2332,1664,15652,16,-35,-61
425978850,-3056,1780,15732,-121,61,66
425982233,-3432,-928,16520,-49,293,-44
425985704,-3592,1296,15648,14,230,192
425989111,-2940,-848,16260,-348,378,-355
425992730,-3484,332,15772,-99,280,-196
425996200,-2832,1872,15916,-104,-21,-74
425999757,-3012,1272,15416,113,-117,131
426003314,-3508,1080,15280,52,-29,93
426006610,-3432,-988,16608,69,-126,25
426009994,-2976,360,15564,-283,337,-283
426013575,-2912,1300,15724,-176,7,-331
426017020,-2600,1524,15216,-114,302,-5
426020490,-3344,1632,15556,-68,114,0
426023787,-4172,-1028,16372,-100,336,61
426027343,-3792,444,15976,-1,187,181
426030640,-3192,-1012,16560,-247,89,-395
426034283,-2824,1500,15528,-169,138,-206
426037950,-2816,1520,15596,-48,-169,-95
426041484,-3752,-484,16380,112,-112,66
426044954,-3596,956,15452,-31,84,148
426048250,-2288,-500,15932,-103,263,-175
426051894,-3476,696,16056,-289,357,-147
426055451,-2636,48,16220,-364,336,-396
426058921,-2808,1168,15252,-38,58,11
426062255,-3660,1856,15584,-70,-43,107
426065789,-4116,-1412,16564,68,46,20
426068984,-3432,716,15596,-128,26,-148
426072454,-2992,-728,16324,-148,4,-378
426075924,-2404,1760,15428,-15,-135,-11
426079480,-3024,1928,15784,-74,-6,87
426082777,-3564,-1128,16568,-92,377,-59
426086334,-3896,560,16408,9,139,162
426089568,-2728,-828,16200,-336,477,-340
426093187,-2732,1148,15336,-173,198,-241
426096830,-2860,2224,15668,-29,29,11
426100127,-3872,-916,16012,60,-112,114
426103597,-3552,1408,15124,85,-20,90
426106893,-3184,-1240,16452,-151,-47,-283
426110624,-2712,416,15764,-304,319,-335
426114205,-3096,1540,15848,-155,64,-322
426117737,-2520,1280,15272,-110,182,20
426121207,-3236,1792,15700,-52,138,-2
426124590,-4040,-888,16664,-82,301,94
426127973,-3920,164,16052,67,89,257
426131183,-2668,1672,15980,-281,187,-457
426134827,-2880,1340,15452,59,-174,66
426138233,-2736,1460,15488,-23,-19,-109
426141767,-3848,-592,16336,104,-176,100
426145324,-3612,792,15536,-59,212,123
426148707,-2240,-308,15848,-206,49,-423
426152264,-3400,876,15992,-283,341,-123
426155820,-2804,1632,15944,-137,292,-113
426159464,-2760,1112,15184,-37,-32,-21
426163004,-3708,1824,15524,-32,19,129
426166317,-4144,-1420,16736,33,15,12
426169614,-3380,776,15712,-132,87,-158
426173084,-3116,-824,16144,-133,43,-325
426176640,-2308,1900,15716,21,-194,-29
426180110,-3236,1920,15612,-52,84,134
426183494,-3552,-1160,16652,-112,265,-142
426187227,-3804,1228,15904,72,121,231
426190632,-2812,-820,16164,-416,445,-401
426194251,-3416,516,15848,-92,145,-225
426197721,-2924,1816,15892,-216,109,-381
426201364,-3124,1076,15360,47,-140,116
426204834,-3692,1052,15472,30,-160,-18
426208304,-3760,-900,16312,-7,-20,-30
426211687,-2836,468,15696,-77,184,27
426215008,-2456,172,16016,-167,97,-308
426218454,-2744,1300,15220,-109,168,35
426221924,-2652,1868,15732,-45,209,3
426225220,-4088,-972,16652,-115,246,109
426228777,-3624,212,16124,4,186,181
426231987,-3088,-880,16316,-266,148,-454
426235630,-3008,1436,15544,-162,8,-191
426239125,-2884,1760,15364,9,-80,-89
426242397,-3768,-552,16404,77,-135,84
426245780,-3268,84,15784,-55,191,140
426249077,-2352,-108,15944,-204,48,-390
426252633,-2392,1464,15328,-269,344,-89
426256190,-2440,1856,15844,-170,307,-159
426259834,-2676,1588,15088,13,-88,68
426263196,-3912,1144,15756,17,235,260
426266513,-3304,-1056,16788,-62,32,-144
426270070,-3244,984,15656,-87,82,-107
426273453,-2892,992,15996,-167,19,-381
426276923,-2392,1864,15484,61,-193,3
426280220,-3656,928,15508,-96,175,200
426283603,-2408,-500,16272,-119,252,-172
426287250,-3884,604,16224,-213,428,-53
426290741,-2516,-416,16072,-361,393,-414
426294360,-2796,1276,15360,20,39,-67
426297657,-2960,2236,15808,-101,89,73
426301040,-4024,-1240,16524,112,-81,65
426304510,-3492,748,15920,70,134,56
426307720,-3252,-944,16396,-131,-85,-325
426311363,-2348,1628,15456,-228,320,-325
426315031,-2988,1684,15796,-124,17,57
426318390,-3544,-808,16328,-18,154,54
426321773,-3384,1604,15472,-7,177,226
426325156,-3108,-1104,16332,-324,396,-324
426328887,-3640,388,16108,-115,305,-165
426332443,-2820,1676,15860,-279,20,-446
426336000,-2852,1368,15320,59,-83,87
426339321,-3612,1196,15496,-12,-172,-56
426342853,-3724,-732,16404,71,-79,27
426346150,-3116,408,15392,-244,288,-248
426349707,-2472,-336,16100,-162,3,-398
426353177,-2500,1764,15192,-359,471,-186
426356820,-2620,1756,15832,-111,140,-43
426360377,-4148,-708,16452,66,35,57
426363652,-3720,1788,15564,-59,145,198
426367057,-3380,-1372,16620,-190,130,-403
426370787,-3280,788,15772,-206,87,-181
426374257,-2804,1264,15648,-181,-66,-348
426377900,-2636,1448,15572,56,-70,24
426381197,-3480,1196,15524,-97,17,120
426384580,-3476,-1372,16656,-75,322,-107
426388248,-3728,700,16024,-40,241,125
426391607,-2708,-488,16188,-311,324,-374
426395250,-2824,1308,15468,-152,307,-224
426398894,-3056,2024,15840,-69,-12,55
426402277,-3064,1024,15400,118,-79,150
426405747,-3924,872,15684,57,-24,109
426409044,-3100,-852,16420,-6,-49,-120
426412538,-2524,1004,15352,-250,209,-253
426416157,-3124,1388,16032,-130,-10,-264
426419801,-2724,1412,15260,-93,234,19
426423184,-3636,1248,15652,-45,105,86
426426567,-4204,-1308,16796,-82,351,12
426430037,-3532,296,16000,-29,188,168
426433420,-2868,-524,16156,-246,125,-428
426437067,-2944,1512,15516,-166,58,-195
426440645,-2912,1700,15616,26,-119,-48
426444091,-3780,-688,16428,81,-64,109
426447474,-3676,716,15688,-62,149,65
426450770,-2424,-256,16120,-201,157,-338
426454414,-3372,844,15940,-288,331,-177
426457971,-2512,1716,15920,-287,350,-401
426461614,-2856,1368,15116,-16,-9,62
426464976,-3776,1408,15792,11,-11,224
426468294,-4064,-1812,16636,-23,96,-118
426471851,-3320,844,15676,15,-8,51
426474974,-2780,1288,15972,-143,59,-356
426478530,-2532,1704,15392,70,-201,36
426481914,-3632,988,15460,-54,67,129
426485210,-3340,-1352,16544,-140,286,-177
426488965,-3848,692,16048,35,118,200
426492237,-2952,-792,16208,-361,452,-371
426495880,-2588,1680,15148,-224,151,-335
426499524,-2936,2476,15772,5,78,158
426502733,-3980,-1484,16312,97,-173,122
426506290,-3764,1276,15472,78,14,93
426509500,-3072,-1180,16508,-181,-11,-387
426513255,-2528,756,15436,-258,208,-344
426516787,-2968,1584,15700,-184,114,-276
426520431,-2732,1184,15148,-75,133,35
426523814,-3464,1340,15736,2,189,87
426527024,-4172,-1316,16716,-152,290,28
426530580,-3564,296,15840,-81,268,-191
426534050,-2684,-516,16244,-330,139,-445
426537718,-3012,1428,15516,-129,-53,-164
426541337,-2804,1592,15440,-5,-35,-51
426544721,-3720,-760,16224,91,-215,119
426548190,-3744,660,15696,1,253,128
426551400,-2280,-156,16168,-206,17,-353
426554957,-3280,1000,15820,-255,404,-104
426558601,-2408,1600,15908,-322,447,-395
426562247,-2776,1512,15112,21,-85,91
426565618,-3960,1264,15732,-5,94,241
426568837,-4140,-1784,16732,-24,-19,-127
426572481,-3180,996,15480,38,79,49
426575604,-2816,1224,16080,-164,-66,-403
426579247,-2560,1704,15428,72,-76,50
426582544,-3580,1008,15500,-82,78,121
426585927,-3500,-964,16476,-90,293,-143
426589508,-3824,444,16220,37,242,214
426592780,-2664,-396,16212,-405,353,-413
426596424,-2856,1280,15480,-85,246,-183
426599980,-2976,2072,15948,-101,-8,43
426603363,-4060,-1116,16244,143,-142,123
426607007,-3696,1232,15560,34,-14,102
426610390,-3260,-1100,16376,35,-130,-45
426613971,-2800,616,15708,-299,326,-324
426617504,-3084,1548,15880,-153,-20,-267
426621147,-2752,1156,15368,-75,254,11
426624531,-2468,2384,15384,-71,119,64
426627914,-4180,-1460,16848,-77,312,97
426631384,-3520,488,15968,-46,251,143
426634767,-2892,-728,16320,-241,112,-403
426638435,-3148,1420,15400,-143,74,-139
426641967,-2836,1524,15704,-5,-187,-61
426645437,-3756,-696,16320,134,-78,121
426648907,-3752,748,15628,-40,97,97
426652117,-2340,-276,16268,-190,134,-393
426655761,-3144,1024,15832,-319,367,-193
426659404,-2556,1588,15736,-282,313,-352
426663095,-2824,980,15204,-32,42,25
426666292,-3764,1684,15688,-65,5,148
426669554,-4268,-1760,16648,43,62,-31
426672937,-3212,880,15692,-146,-6,-158
426676407,-2888,-524,16264,-123,15,-334
426679964,-2568,1552,15416,12,-141,3
426683260,-3568,1100,15524,-62,-10,92
426686643,-3368,-1100,16600,-146,361,-130
426690398,-3976,976,16076,31,101,173
426693670,-2724,-448,15876,-373,453,-370
426697314,-3120,636,15828,-127,125,-226
426700871,-3076,2004,15980,-95,77,75
426704167,-3944,-1032,16160,71,-132,135
426707724,-3628,1056,15472,106,14,109
426711107,-3188,-888,16508,-20,-22,-21
426714602,-2612,572,15452,-254,240,-329
426718134,-3100,1608,15732,-131,86,-308
426721691,-2548,1200,15152,-70,100,19
426725074,-3520,1684,15392,-76,171,29
426728457,-4016,-848,16480,-81,238,118
426731927,-3508,-72,16184,46,155,157
426735224,-2732,-112,16208,-343,138,-468
426738892,-3248,1052,15444,127,-198,119
426742424,-2828,1540,15656,-86,-4,-172
426745894,-3732,-652,16280,102,-233,143
426749451,-3856,388,15624,-38,235,73
426752747,-2160,-40,15972,-191,9,-368
426756130,-3236,672,15908,-255,364,-148
426759687,-2520,2064,15744,-142,225,-68
426763291,-2832,992,15180,43,-67,71
426766489,-3792,1536,15704,-5,235,188
426769837,-3316,-1484,16668,37,-63,11
426773220,-3260,892,15784,-126,115,-196
426776777,-2720,1104,15732,-176,-32,-367
426780420,-2420,1588,15316,74,-119,33
426783804,-3572,892,15348,-71,104,95
426787103,-3304,-1184,16572,-102,233,-156
426790855,-3684,696,16172,17,305,187
426794127,-2692,-384,15952,-324,292,-363
426797770,-2720,1340,15452,-100,211,-246
426801414,-3080,2196,15852,-85,42,71
426804710,-3972,-1284,16292,137,-226,163
426808354,-3848,888,15768,-1,54,76
426811477,-3072,-916,16396,-178,-46,-380
426815145,-2660,712,15436,-249,331,-338
426818677,-3128,1656,15912,-168,-20,-297
426822321,-2916,1036,15404,-13,223,76
426825704,-3632,1428,15636,-77,201,68
426829087,-4104,-1208,16808,-90,281,36
426832557,-3516,224,16036,-151,247,-216
426836114,-2860,-320,16160,-289,41,-446
426839695,-2996,1256,15312,-79,43,-120
426843141,-3024,1736,15580,-18,-134,-49
426846697,-3628,-816,16300,91,-184,155
426850167,-3888,484,15716,-90,218,85
426853464,-2292,-168,15940,-185,60,-355
426857021,-3196,900,15936,-261,394,-150
426860577,-2456,1708,15732,-370,327,-394
426864268,-2816,1436,15172,52,37,97
426867466,-3928,1156,15776,-18,2,216
426870727,-4052,-1828,16828,-11,58,-121
426874284,-3128,1004,15664,-142,14,-103
426877840,-2916,-508,16428,-168,-77,-378
426881484,-2564,1668,15584,-228,244,-341
426885128,-3004,1868,15652,-56,-15,189
426888622,-3404,-1252,16648,6,208,86
426891894,-4016,988,16044,-25,163,159
426895277,-2620,-264,16092,-356,418,-383
426898921,-3284,568,15912,-145,211,-230
426902478,-3008,2220,15756,-268,69,-384
426906034,-3260,796,15276,139,-109,179
426909504,-3896,884,15644,27,-140,31
426912825,-3696,-1172,16696,-5,-22,-76
426916271,-2444,816,15352,-263,236,-330
426919827,-2348,372,15828,-129,4,-299
426923211,-2852,1284,15300,-75,193,103
426926681,-2476,2140,15392,-15,104,108
426930151,-4060,-1196,16716,-132,386,-18
426933794,-3992,1036,15932,14,136,169
426937181,-2840,-524,16124,-274,149,-410
426940846,-2824,1252,15552,-186,35,-210
426944378,-2900,1840,15436,-140,-101,-270
426948108,-3132,720,15864,123,-84,122
426951491,-3060,1880,14952,-120,33,129
426954961,-3128,-1376,16532,-92,235,-220
426958605,-4420,236,16396,-111,333,37
426961992,-2340,380,15928,-290,293,-330
426965593,-3048,720,15764,-69,220,-205
426969050,-3232,2376,15616,-85,18,161
426972398,-3340,200,15460,162,-85,180
426975781,-4036,524,15716,-6,21,29
426978904,-2896,-404,16352,-153,0,-342
426982374,-2048,1260,15372,-243,200,-304
426986018,-3096,1908,15444,-43,-16,156
426989512,-3220,432,15612,-23,304,115
426992871,-4156,832,16292,8,146,153
426996081,-2552,-236,15984,-204,425,-150
426999724,-3264,580,15884,-112,128,-227
427003281,-2708,512,15912,-253,44,-346
427006751,-3268,712,15420,94,-162,200
427010134,-3924,988,15716,43,-150,-5
427013455,-3660,-1032,16540,-23,2,-70
427016814,-2656,612,15392,-247,194,-314
427020371,-2524,492,16048,-132,105,-286
427023928,-2856,1088,15320,-294,301,-150
427027571,-2524,2324,15424,-9,169,98
427030868,-4308,-1616,16932,-174,298,7
427034338,-4008,916,16068,15,186,111
427037658,-2700,-272,16404,-305,122,-442
427041278,-2856,1096,15564,-131,-32,-159
427044921,-2996,1732,15624,-112,-39,-324
427048565,-3188,1112,15764,108,-196,126
427052121,-3352,1764,15360,-44,25,216
427055505,-3048,-1084,16628,-180,265,-321
427059235,-4240,520,16456,-75,202,47
427062632,-2320,488,16028,-325,424,-392
427066088,-3040,1028,15660,-73,91,-172
427069597,-3296,2352,15612,-18,67,195
427072941,-4116,-1644,16760,107,-66,158
427076498,-4064,420,16080,30,52,28
427079621,-2800,-200,16228,-207,-32,-368
427083265,-2128,1468,15348,-184,67,-274
427086825,-3152,1872,15472,-60,58,-122
427090316,-3244,336,15492,-26,169,66
427093588,-3968,1180,16020,58,212,223
427096971,-4008,-1616,16980,-204,367,-82
427100615,-3092,508,15804,-147,206,-312
427104171,-2524,1056,15732,-206,76,-275
427107728,-3152,516,15468,-23,-124,-44
427111198,-3108,1964,15232,44,-53,14
427114519,-3712,-1344,16412,0,-135,-77
427117965,-3868,180,15916,-154,324,-113
427121521,-2536,460,16036,-151,21,-237
427124991,-2612,1332,15704,-272,276,-136
427128635,-2524,2124,15524,-240,404,-269
427132278,-3252,408,15440,31,-13,130
427135575,-4020,1064,16004,6,74,278
427138809,-4140,-2080,17108,-121,20,-240
427142428,-2768,1364,15456,-134,-28,-150
427146072,-3108,416,16252,-123,-23,-273
427149628,-2932,984,15744,-118,-36,-211
427153185,-3192,1964,15108,-67,174,192
427156655,-2976,-1308,16652,-15,234,30
427160125,-4428,324,16568,-66,256,70
427163469,-2444,404,15892,-376,513,-282
427166978,-2996,980,15528,-66,37,-207
427170397,-3248,2496,15580,-49,118,217
427173832,-3468,116,15568,146,-188,174
427177302,-3900,672,15884,22,154,-6
427180511,-3116,-412,16404,-74,-86,-179
427184068,-2004,1188,15380,-204,171,-333
427187736,-2716,1248,15708,-113,41,-129
427191268,-3192,296,15480,19,145,92
427194478,-4236,832,16248,63,172,198
427197774,-3692,-1704,16896,-299,345,-205
427201505,-3192,968,15588,-1,242,7
427204628,-2760,252,16304,-296,83,-339
427208098,-3236,876,15516,126,-108,169
427211568,-2916,1816,15152,65,-55,75
427214889,-3900,-1256,16556,-21,-105,-120
427218594,-3904,72,16004,-137,383,-81
427221978,-2656,368,15724,-130,-30,-261
427225534,-2452,1324,15732,-259,337,-178
427229178,-2596,2344,15456,-82,124,107
427232648,-3360,296,15516,66,44,191
427235858,-4100,844,16000,-5,270,117
427239179,-2756,-292,16244,-266,86,-397
427242711,-2928,1292,15612,-101,66,-140
427246268,-3020,1720,15384,-175,-69,-315
427249911,-2948,940,15820,181,-175,146
427253381,-3800,380,15796,-130,109,175
427256851,-2952,-1224,16332,-120,190,-320
427260582,-4384,468,16372,-97,374,83
427263925,-2604,416,16096,-297,300,-320
427267435,-2956,896,15580,-65,151,-243
427270940,-3172,2468,15704,-47,-6,183
427274288,-4064,-1916,16816,136,-133,159
427277932,-4056,732,15824,-49,108,-17
427281315,-3676,-1116,16628,-73,-160,-128
427285045,-2200,1272,15816,-234,391,-214
427288713,-2688,1212,15720,-101,-52,-118
427292337,-2444,1456,15456,-148,208,-35
427295889,-2776,2232,15616,-29,164,163
427299359,-3804,-244,16008,-7,111,180
427302742,-4128,416,16284,9,300,55
427305865,-2668,604,16096,-289,10,-368
427309335,-2804,1592,15468,-13,-58,-52
427312830,-3096,1744,15288,16,-125,33
427316188,-3488,380,15908,155,-172,151
427319658,-3724,64,15912,-154,323,-47
427323042,-2552,360,15752,-186,69,-372
427326512,-2444,1484,15696,-261,400,-201
427330155,-2552,1044,16052,-246,247,-264
427333799,-3208,332,15472,56,115,161
427337099,-4004,928,15992,-32,72,247
427340416,-4032,-1900,16764,-71,68,-214
427343948,-2932,1284,15608,-93,179,-91
427347418,-2868,164,16204,-142,-143,-310
427351062,-3044,1168,15568,-86,73,-201
427354532,-3116,1808,15372,-71,-1,157
427357915,-2928,-1112,16664,-22,303,32
427361385,-4340,720,16272,-89,235,103
427364816,-2432,268,15904,-339,391,-232
427368325,-2972,1164,15564,-82,141,-204
427371917,-3200,2392,15640,-222,22,-188
427375439,-3396,16,15660,163,-49,159
427378735,-3964,688,15880,55,-85,83
427381945,-2956,-416,16392,-67,-34,-199
427385502,-2156,1388,15316,-208,129,-271
427389170,-2732,716,15892,-67,-16,-163
427392615,-3016,688,15696,-50,223,70
427395912,-4304,612,16276,16,76,240
427399121,-3888,-1696,17020,-242,452,-182
427402852,-3088,656,15772,-47,231,-14
427406235,-2804,476,15916,-213,93,-326
427409705,-3172,820,15320,-78,-33,-85
427413113,-3084,1752,15332,90,-142,63
427416471,-3660,-1032,16436,-78,-25,-121
427420115,-3936,28,15900,-81,200,-49
427423411,-2524,536,16212,-168,105,-286
427426968,-2784,1240,15684,-289,317,-132
427430612,-2364,2140,15684,-238,320,-351
427434255,-3104,1148,15244,78,46,236
427437576,-4160,284,16168,37,44,348
427440761,-2696,380,15916,-156,166,-344
427444318,-2888,1112,15420,-91,-66,-84
427447788,-2920,304,16312,-129,-5,-314
427451258,-2888,1080,15736,134,-245,162
427454815,-3452,1868,15132,-44,84,223
427458198,-2968,-1380,16776,-174,210,-328
427461932,-4292,844,16088,-59,222,136
427465359,-2596,-228,15956,-298,375,-392
427468955,-2872,1032,15684,-162,60,-299
427472547,-3200,2500,15608,-131,59,-98
427475982,-3636,-304,15704,96,-120,114
427479452,-3976,896,15956,81,-116,78
427482748,-3580,-1488,16464,-141,35,-196
427486392,-2012,1384,15328,-228,295,-246
427490060,-2792,968,15780,-68,85,-125
427493419,-3384,248,15712,-193,209,-38
427496888,-2660,2136,15284,9,169,150
427500185,-3852,-1392,16664,-238,329,-127
427503915,-4092,324,16120,-13,184,6
427507125,-2520,700,15968,-267,124,-357
427510682,-2804,1488,15544,-34,-144,-60
427514263,-2988,1784,15192,67,-29,36
427517535,-3424,488,15872,126,-193,182
427521005,-3820,-80,15956,-139,344,-90
427524475,-2576,588,15876,-223,181,-401
427528032,-2548,1444,15632,-235,278,-114
427531675,-2548,896,15904,-200,376,-223
427535232,-3396,484,15660,-81,6,-138
427538553,-3540,2236,15504,41,131,298
427541912,-3944,-2104,16804,-136,19,-285
427545555,-3972,580,16044,-70,71,-82
427548852,-2792,412,16004,-134,-80,-261
427552409,-2152,1616,15436,-67,-45,-171
427555965,-3164,1736,15176,-61,140,233
427559435,-3548,-412,16020,-37,231,22
427562878,-4168,600,16232,-49,331,96
427566115,-2672,292,15896,-343,384,-241
427569672,-2996,944,15656,-104,139,-270
427573263,-3260,2384,15536,-188,94,-210
427576785,-3460,192,15720,146,-175,206
427580255,-4056,344,15944,89,32,123
427583465,-3332,-1048,16552,-129,-108,-258
427587307,-3208,328,15600,-173,364,-185
427590839,-2972,872,15876,-99,6,-148
427594135,-3192,432,15764,-202,206,-95
427597605,-2544,2160,15480,-46,153,125
427601075,-3780,-1364,16840,19,108,228
427604545,-3928,-92,16152,-42,298,-48
427607929,-2644,1184,16072,-241,-9,-264
427611485,-2740,1288,15460,21,-87,-5
427614806,-3032,1912,15016,-1,-114,23
427618165,-3520,276,16188,189,-213,207
427621635,-3840,24,15912,-246,374,-151
427625105,-2656,540,15972,-175,47,-389
427628575,-2524,1500,15416,-285,428,-171
427632219,-2544,1284,16048,-183,226,-169
427635862,-3540,188,15596,-32,34,-104
427639270,-3496,2420,15580,1,75,309
427642455,-3960,-2248,17100,-125,100,-320
427646185,-3684,540,15948,-114,195,-115
427649742,-2824,380,16108,-107,-119,-280
427653386,-2028,1772,15500,-72,90,-149
427656856,-3188,1688,15324,-106,-10,-33
427660412,-3456,-240,16068,17,291,77
427663756,-4444,436,16352,53,163,243
427667005,-3352,-1472,16520,-337,396,-286
427670736,-2924,1036,15520,-84,295,-158
427674327,-2736,1700,15932,-160,-24,-119
427677936,-3612,-324,15784,87,-123,52
427681319,-3368,1668,15292,64,-68,81
427684616,-3388,-1380,16428,-68,-19,-232
427688284,-3332,152,15540,-259,390,-250
427691816,-3016,1012,15984,-200,-10,-407
427695459,-2492,1776,15244,-165,325,-87
427699016,-2600,1508,16032,-118,145,-81
427702573,-3852,-252,16056,-1,232,162
427705956,-3688,1848,15624,16,135,250
427709339,-3440,-1564,16816,-199,90,-414
427713007,-3412,844,15812,-174,156,-141
427716540,-2796,952,15976,-61,-132,-223
427720096,-2428,1704,15408,41,-41,-32
427723480,-3528,1360,15392,-48,36,210
427726863,-3420,-1016,16472,-70,335,-63
427730420,-3992,408,16184,-222,315,-76
427733890,-2744,-644,16268,-370,358,-351
427737558,-2924,1240,15380,-104,275,-209
427741177,-2856,2148,15916,-113,-8,0
427744473,-3996,-900,16080,142,-135,157
427748030,-3696,1032,15588,40,-16,108
427751413,-3224,-1004,16384,-121,24,-309
427755057,-2756,456,15632,-293,390,-284
427758613,-3132,1408,16108,-133,-53,-324
427762304,-2608,1464,15308,-82,283,24
427765640,-3416,1592,15520,-79,137,4
427768937,-4084,-1064,16684,-77,281,90
427772407,-3724,120,16128,-33,291,183
427775825,-3140,-736,16556,-268,24,-437
427779347,-2880,1344,15372,5,-78,47
427782556,-3296,1584,15004,-40,-147,-123
427786200,-3732,-644,16268,128,-16,134
427789694,-3704,568,15548,-118,197,105
427793140,-2444,-336,16068,-116,36,-375
427796697,-3556,668,16288,-327,465,-146
427800253,-2548,1516,16064,-136,221,-165
427803897,-2736,1516,15068,-1,40,8
427807020,-3648,1540,15692,95,70,289
427810316,-3464,-1188,16972,24,57,-70
427813724,-3396,716,15676,-161,47,-113
427817170,-2816,980,15964,-67,-38,-230
427820640,-2412,1796,15568,11,-78,9
427823849,-3448,1248,15316,-41,85,180
427827233,-2504,-804,16324,-75,383,-84
427830702,-3980,468,16356,-202,355,-22
427834173,-2720,704,16160,-304,442,-338
427837754,-2628,1628,15288,-90,-40,-186
427841286,-3728,2008,15492,-35,28,72
427844582,-3872,-1172,16060,41,-21,10
427847966,-3768,932,15676,-13,98,-2
427851176,-3020,84,16284,-154,19,-275
427854559,-1988,1756,15444,-108,-59,-217
427858202,-3136,1684,15316,-68,118,22
427861586,-3536,-516,16172,-66,255,-3
427865016,-4116,432,16372,-78,349,90
427868265,-2520,496,16096,-371,398,-323
427871822,-3096,980,15544,-38,127,-167
427875292,-2624,1492,15956,-211,98,-193
427878884,-3528,-84,15464,166,-126,181
427882319,-3360,1672,15176,61,15,93
427885529,-3452,-1216,16520,-88,-73,-221
427889197,-2192,1312,15492,-177,419,-195
427892816,-3076,1020,15852,-121,-15,-147
427896459,-2332,1624,15308,-162,229,-44
427900016,-2824,2092,15248,-174,287,-123
427903659,-3768,-288,16068,64,115,178
427907043,-4112,320,16324,53,231,259
427910339,-3732,-1756,16788,-197,45,-370
427914007,-2712,1356,15460,-89,81,-116
427917453,-2796,852,16044,-106,-78,-246
427921009,-3492,324,16044,9,-154,-49
427924306,-3224,1476,15172,-44,166,181
427927776,-2648,-884,16408,-185,80,-347
427931333,-4112,268,16284,-207,427,-45
427934803,-2528,1044,16184,-223,226,-252
427938471,-2912,1204,15256,-23,44,-130
427941916,-3316,2416,15468,-170,123,-87
427945473,-3764,-488,15876,161,-118,159
427949030,-3564,1352,15332,94,44,113
427952326,-3296,-1288,16664,-121,-99,-313
427956056,-3124,372,15664,-218,358,-257
427959613,-3052,1272,16108,-116,14,-76
427963131,-2444,1660,15164,-135,208,-23
427966640,-3064,1932,15316,-6,156,168
427970023,-3932,-296,16292,-8,146,192
427973406,-3904,-268,16272,-91,371,-94
427976876,-2588,1616,15816,-272,49,-460
427980468,-3020,1244,15272,76,-73,49
427983730,-3236,1796,15000,-108,-44,-222
427987398,-3504,120,16132,134,-179,183
427990843,-3656,-28,15836,-28,193,158
427994226,-2452,-540,16196,-195,59,-399
427997783,-2424,1524,15320,-214,423,-101
428001427,-2808,1508,15960,-181,179,-172
428005070,-2928,1132,15556,16,23,-35
428008366,-3604,2128,15468,-23,124,242
428011840,-4016,-1080,16360,110,-129,72
428015418,-3716,472,16036,-140,208,-158
428018950,-3136,-892,16372,-152,-87,-340
428022594,-2188,1700,15352,-231,265,-269
428026237,-2972,1396,15776,-116,13,-12
428029707,-3376,-456,16180,-64,165,30
428033090,-3680,1320,15632,47,145,216
428036474,-2780,-744,16296,-132,288,5
428039881,-3576,320,15816,-68,294,-131
428043327,-2608,1716,15948,-163,-42,-119
428046970,-2940,1364,15464,77,-122,83
428050353,-3480,1496,15124,67,-52,104
428053737,-3688,-636,16504,93,-138,37
428057120,-3364,376,15932,-258,388,-258
428060677,-2260,-244,16212,-182,6,-384
428064248,-2392,1756,15200,-147,288,-37
428067704,-2800,1732,15908,-112,151,-77
428071260,-3856,-536,16512,-11,263,136
428074730,-3960,1772,15500,-21,193,268
428078200,-3512,-1520,16844,-205,64,-399
428081883,-3332,880,15780,-142,158,-189
428085401,-2960,1072,15892,-179,-86,-350
428089069,-2336,1688,15444,72,-119,26
428092427,-3424,1124,15248,-103,84,117
428095897,-3472,-968,16728,-53,212,-103
428099454,-3800,404,16232,85,235,232
428102751,-2548,-492,16048,-383,349,-432
428106394,-2824,1300,15524,-84,220,-199
428109951,-2956,2100,15908,-131,29,37
428113359,-3952,-900,16144,94,-195,121
428116804,-3844,1032,15460,8,51,99
428119927,-3276,-1032,16656,-103,-68,-280
428123657,-2676,700,15608,-298,374,-337
428127214,-3124,1512,16012,-133,-58,-308
428130858,-2708,1236,15276,-86,282,47
428134241,-3436,1564,15696,-75,159,-8
428137649,-4176,-1112,16764,-94,265,72
428141094,-3716,156,16064,-136,315,-173
428144651,-3108,-764,16216,-236,13,-439
428148208,-2952,1220,15428,-108,56,-136
428151764,-2896,1448,15476,-77,-142,-100
428155408,-2648,1400,15536,142,-204,90
428158878,-3812,392,15696,-99,235,166
428162308,-3204,-1432,16900,-178,232,-315
428165991,-3256,960,15800,-295,476,-99
428169461,-2588,-472,15964,-305,292,-412
428173105,-2740,1716,14928,-171,146,-323
428176748,-3208,2312,15536,-6,44,236
428180045,-4200,-1616,16732,115,-157,125
428183723,-3996,928,15768,-17,127,60
428186988,-3116,-852,16492,-63,-98,-95
428190479,-2256,1176,15584,-254,252,-350
428194098,-2880,1944,15572,-141,2,-177
428197568,-3104,420,15588,-2,197,68
428200778,-3976,1228,15780,20,193,194
428204161,-3900,-1360,16816,-166,298,-2
428207718,-3216,296,16080,-208,296,-331
428211275,-2616,712,16120,-256,-30,-362
428214856,-3220,556,15520,-27,-69,-54
428218215,-3008,1924,15264,-32,-84,-60
428221685,-3656,-1224,16524,21,-76,6
428224981,-2632,696,15720,-121,340,-35
428228451,-2432,396,16044,-157,-33,-294
428232008,-2688,1092,15332,-258,401,-127
428235651,-2736,2260,15636,-71,142,45
428239059,-3140,620,15544,95,-8,174
428242245,-4080,1000,15784,-72,220,157
428245715,-2816,-616,16168,-246,42,-435
428249271,-3028,1056,15576,-160,105,-174
428252915,-2884,1648,15544,-178,-114,-335
428256645,-2920,1228,15664,165,-132,109
428260202,-3144,2004,15540,-79,50,180
428263632,-3036,-1236,16696,-150,263,-271
428267315,-4292,640,16008,-47,323,161
428270698,-2536,-4,15980,-301,335,-240
428274169,-3224,988,15668,-71,190,-228
428277639,-3092,2228,15648,-243,62,-285
428281195,-3216,680,15448,148,-144,172
428284700,-4032,560,15968,61,-1,74
428287813,-2748,-388,16300,-53,-96,-182
428291345,-2280,1292,15304,-210,265,-281
428294989,-2728,664,15972,-138,-13,-218
428298545,-3000,948,15484,-220,276,-161
428302102,-2756,2248,15416,-45,144,158
428305572,-3824,-1420,16904,3,38,148
428308869,-3952,784,16172,-24,304,114
428312276,-2756,24,16060,-262,49,-420
428315635,-3024,1124,15440,-54,-30,-121
428319192,-3032,1912,15340,-10,-105,-40
428322749,-3300,676,15948,176,-210,154
428326219,-3712,340,16004,-178,344,-30
428329689,-2844,-1044,16380,-154,131,-287
428333419,-2768,1188,15600,-318,419,-188
428337066,-2500,816,15992,-280,244,-289
428340644,-3200,624,15484,-56,90,-162
428344002,-3440,2308,15588,-54,65,211
428347385,-4028,-1912,16912,120,-136,182
428351029,-4104,468,16112,-78,168,-64
428354412,-2772,48,16048,-115,-86,-285
428357882,-2116,1560,15296,-102,131,-243
428361526,-2984,1912,15344,-134,39,-121
428365130,-3360,-48,15696,62,239,98
428368292,-4284,492,16308,-109,293,46
428371676,-3440,-1100,16664,-264,324,-213
428375406,-3124,768,15724,-41,329,-37
428378789,-2516,1080,15808,-214,-23,-266
428382433,-3416,472,15580,45,-77,31
428385677,-3328,1548,15312,50,-97,39
428388963,-3552,-1104,16484,-49,-30,-142
428392582,-3636,8,15956,-205,334,-147
428395966,-2548,832,15948,-113,-24,-225
428399522,-2368,1728,15388,-198,306,-82
428403079,-2668,1980,15328,1,98,137
428406289,-3932,-1396,16980,31,138,186
428409759,-4112,492,16124,-50,220,20
428413080,-2568,440,16076,-218,79,-393
428416525,-2788,1592,15524,-99,-28,-65
428419995,-3000,1660,15344,28,-101,-39
428423465,-3360,784,15768,133,-89,141
428426848,-3820,-44,16040,-141,251,-40
428430319,-2468,504,16008,-199,227,-401
428433875,-2476,1488,15528,-277,284,-125
428437543,-2632,720,15928,-226,318,-258
428441076,-3272,712,15408,-72,115,-214
428444546,-3324,2504,15600,48,12,303
428447842,-4180,-1984,17124,-124,137,-269
428451572,-3808,804,15972,-76,46,-47
428454869,-3012,-88,16316,-131,-11,-301
428458426,-2008,1664,15492,-178,77,-268
428461986,-3172,1828,15264,-69,-67,-35
428465500,-3632,-352,15964,-24,363,44
428468836,-4336,608,16388,-79,230,89
428472132,-2552,216,16028,-246,382,-237
428475689,-2964,892,15644,-134,98,-231
428479159,-2564,1160,15868,-193,9,-253
428482629,-3348,364,15668,118,-82,181
428486047,-4140,612,15788,76,-130,73
428489333,-3492,-1296,16620,-41,14,-164
428492865,-2252,1296,15424,-211,295,-165
428496509,-2792,620,15944,-61,79,-159
428499892,-3272,672,15460,-230,298,-112
428503449,-2792,2184,15404,37,130,176
428506832,-3708,-1380,16996,0,187,164
428510215,-4156,552,16108,-19,178,44
428513536,-2668,424,15912,-250,139,-369
428517068,-2660,1528,15512,-77,-107,-104
428520712,-3064,1788,15080,60,-56,45
428524009,-3212,512,16124,113,-147,136
428527478,-3860,16,15844,-152,339,-36
428530862,-2508,516,15852,-224,228,-410
428534418,-2520,1476,15504,-272,298,-164
428538087,-2608,1132,16028,-185,358,-229
428541706,-3360,364,15440,-79,32,-148
428545089,-3560,2476,15540,37,88,269
428548385,-4048,-2040,16880,-141,79,-253
428552029,-3920,524,15896,-50,37,-105
428555412,-2792,332,16112,-181,-31,-300
428558969,-2196,1576,15296,-66,-50,-152
428562585,-3076,1748,15416,-87,158,161
428565996,-3408,-240,15956,-38,233,45
428569379,-4152,392,16216,-56,355,32
428572675,-2464,540,16080,-339,360,-289
428576232,-2972,932,15760,-77,140,-210
428579702,-3316,2500,15576,-159,82,-199
428583259,-3416,80,15596,137,-166,195
428586681,-4056,648,15960,83,-22,96
428589876,-3488,-1148,16440,-67,-129,-192
428593582,-1984,1312,15464,-264,378,-202
428597226,-2924,1120,15956,-86,-36,-134
428600782,-2356,1548,15580,-171,209,-53
428604339,-2852,2012,15312,6,195,159
428607636,-3588,-1456,16800,-24,129,160
428611192,-4044,404,16012,-16,303,7
428614427,-2732,724,16100,-235,0,-322
428617785,-2764,1344,15536,-12,-76,-38
428621255,-2924,1784,15100,6,-72,14
428624465,-3724,-1120,16732,165,-187,156
428628109,-3704,-116,15832,-227,398,-96
428631665,-2380,-664,16156,-220,102,-412
428635309,-2520,1372,15540,-225,352,-127
428638977,-2580,1372,15944,-231,253,-224
428642596,-2872,1252,15276,-16,17,-76
428645979,-3616,2164,15636,-40,160,260
428649449,-3824,-1912,16788,113,-108,109
428653093,-3944,380,16068,-78,157,-134
428656563,-3080,-948,16456,-196,-41,-354
428660206,-2120,1712,15508,-22,-32,-80
428663723,-3136,1388,15796,-104,73,-7
428667059,-3380,-480,16288,-10,237,22
428670443,-4312,96,16492,81,214,254
428673652,-2888,-960,16292,-369,356,-392
428677296,-2844,1084,15512,-68,237,-140
428680853,-2924,1648,15924,-179,4,-101
428684323,-3536,-216,15632,38,-173,64
428687749,-3456,1444,15296,78,-2,121
428691002,-3236,-1092,16568,-143,-79,-293
428694733,-3144,380,15824,-228,378,-238
428698289,-2880,1148,15780,-209,69,-348
428701846,-2512,1560,15444,-107,192,-50
428705403,-2612,2088,15672,-110,262,22
428708873,-4172,-1004,16552,-7,143,114
428712367,-4020,1356,15648,-2,262,190
428715726,-3108,-1116,16544,-246,17,-406
428719369,-3248,924,15680,-100,70,-170
428722840,-2796,1344,15784,-100,-127,-117
428726570,-2708,1468,15640,100,-214,65
428730040,-3528,876,15604,-57,215,167
428733423,-3352,-1260,16604,-104,223,-179
428737178,-3488,752,16056,0,255,145
428740363,-2652,-124,16104,-341,329,-420
428744006,-2816,1208,15280,-147,159,-251
428747650,-3056,2340,15888,-63,77,112
428751033,-4064,-1552,16344,98,-195,147
428754590,-3944,872,15716,71,92,77
428757713,-3156,-824,16296,-152,-106,-343
428761443,-2380,856,15508,-230,273,-304
428765048,-3168,1572,15736,-141,32,-257
428768557,-2872,996,15372,-32,135,62
428771853,-3764,1140,15796,3,254,210
428775150,-2856,-740,16260,-151,273,-44
428778706,-3300,444,15824,-105,304,-186
428782263,-2792,-112,16176,-305,54,-446
428785820,-3084,996,15484,109,-135,120
428789332,-2836,1644,15372,-37,-45,-35
428792760,-3700,-932,16412,87,-146,14
428796143,-3936,292,15688,-83,294,80
428799440,-2376,156,15948,-172,-17,-347
428802997,-2504,1308,15276,-279,388,-132
428806640,-2480,1860,15724,-161,160,-52
428810197,-2944,1412,14932,68,-69,148
428813605,-4080,672,15936,-27,273,180
428816963,-2856,-400,16400,-82,3,-239
428820347,-3024,1216,15556,-74,50,-73
428823730,-2764,1452,15536,-94,-130,-168
428827373,-2692,1516,15536,172,-212,115
428830930,-3748,440,15568,-79,130,156
428834313,-3144,-1132,16692,-157,173,-219
428838068,-4280,580,16228,-39,334,143
428841427,-2632,76,15760,-300,303,-391
428844897,-2856,1148,15384,-98,165,-223
428848454,-3124,2536,15696,-85,28,140
428851837,-4196,-1848,16608,196,-217,192
428855480,-4044,692,15972,-33,134,48
428858777,-3064,-612,16364,-45,-131,-140
428862469,-2300,1184,15384,-222,283,-340
428866064,-2584,640,15956,-120,-65,-202
428869621,-2984,780,15572,-239,308,-120
428873177,-2688,2076,15304,-38,146,143
428876647,-3792,-1360,16940,6,39,178
428879944,-4148,616,16044,-9,275,91
428883154,-2596,332,16008,-272,12,-390
428886627,-3052,1124,15520,-73,-4,-102
428890146,-2972,1812,15192,10,-141,12
428893481,-3616,-1120,16396,20,-27,-75
428896947,-3952,264,15864,-173,335,-30
428900417,-2500,216,16036,-99,-39,-258
428903887,-2720,1272,15572,-294,512,-197
428907530,-2636,1980,15796,-272,286,-374
428911174,-3068,1380,15280,47,16,207
428914495,-4184,528,15884,16,55,351
428917680,-4064,-1960,16996,-112,66,-297
428921324,-2884,1132,15588,-131,25,-75
428924794,-3024,-276,16324,-191,-87,-398
428928437,-2776,1440,15680,-140,141,-245
428932081,-3068,1896,15344,-80,-6,183
428935464,-3076,-1132,16600,-15,253,24
428938958,-4208,596,16328,-29,258,135
428942317,-2700,24,16000,-315,340,-366
428945787,-3060,764,15900,-90,214,-261
428949257,-3244,2324,15608,-64,26,170
428952640,-3144,492,15396,158,-80,182
428956024,-3904,892,15772,-8,-3,45
428959147,-2972,-664,16412,-132,40,-316
428962753,-2284,696,15524,-269,253,-369
428966260,-2952,2144,15664,-154,-51,-238
428969904,-3096,604,15480,-38,264,91
428973200,-3880,1288,15668,25,130,202
428976583,-3912,-1476,16864,-113,353,19
428980140,-3292,568,15992,-130,158,-249
428983697,-2832,-24,16228,-242,49,-380
428987190,-2992,1132,15344,-110,54,-125
428990758,-2944,1896,15424,5,-151,-46
428994107,-3696,-1120,16524,16,0,-37
428997403,-3804,352,15772,-129,220,27
429000787,-2512,-20,16052,-111,56,-357
429004257,-2496,1492,15188,-336,410,-177
429007900,-2584,1824,15712,-140,175,-62
429011457,-2956,1204,15176,28,63,75
429014691,-3736,1480,15692,32,102,261
429018050,-3384,-1208,16568,-265,214,-433
429021780,-3052,920,15756,-177,5,-240
429025163,-2872,1480,15808,-152,-106,-306
429028894,-2996,1016,15652,48,-108,29
429032277,-3064,2052,15524,-130,-30,100
429035834,-3340,-1360,16688,-120,378,-166
429039588,-4248,400,16256,-19,165,128
429042947,-2488,-72,15960,-320,426,-322
429046504,-3336,440,15852,-151,185,-241
429050061,-3044,2348,15860,-258,21,-397
429053617,-3248,944,15360,143,-74,213
429057001,-4104,656,15772,53,-167,33
429060297,-3484,-1156,16504,-23,15,-124
429063956,-2372,828,15356,-133,282,-22
429067324,-2772,368,16008,-112,35,-296
429070794,-2804,1100,15376,-67,169,104
429074264,-2836,1976,15472,-20,122,92
429077647,-3988,-1172,16612,-143,348,-15
429081291,-3856,916,16040,8,143,160
429084500,-2912,-228,16188,-283,153,-434
429088167,-2848,1276,15600,-118,-42,-158
429091826,-2868,1776,15388,-108,-92,-282
429095431,-3140,936,15748,65,-107,124
429098814,-3816,576,15680,-74,-26,171
429102197,-3064,-1228,16548,-155,285,-276
429105928,-2716,1220,15852,-153,284,14
429109398,-2512,496,15964,-227,340,-291
429112979,-3088,884,15648,-135,159,-226
429116511,-3172,2516,15868,-29,-6,203
429119894,-4132,-1812,16804,151,-28,197
429123451,-3964,624,15816,-8,-9,-15
429126661,-3020,-364,16360,-129,36,-311
429130218,-2156,1220,15452,-204,108,-294
429133861,-3156,1900,15520,-74,-7,-165
429137356,-3288,388,15756,-31,225,99
429140627,-4104,712,16160,-13,100,121
429144011,-3832,-1388,16776,-211,466,-143
429147741,-3292,460,15960,-42,195,17
429151037,-2576,592,16012,-245,123,-325
429154594,-3196,700,15380,-81,-32,-62
429157978,-3060,1836,15300,79,-119,23
429161361,-3604,-1192,16500,-50,-42,-110
429165053,-3728,172,15840,-171,244,-60
429168474,-2572,356,15860,-98,46,-276
429171858,-2500,1464,15724,-314,294,-156
429175501,-2656,2140,15388,10,149,117
429178884,-3436,396,15512,-13,109,148
429182267,-3800,892,16064,42,193,126
429185564,-2896,-244,16200,-124,153,-256
429189231,-2884,1312,15392,-81,-73,-120
429192799,-3008,92,16356,-115,-46,-292
429196234,-3008,1156,15844,130,-257,104
429199791,-3404,1452,15156,-60,34,187
429203174,-2952,-1184,16608,-167,228,-310
429206905,-4272,268,16380,-113,235,43
429210288,-2452,776,15720,-273,412,-309
429213869,-3216,908,15468,-64,53,-189
429217228,-3296,2672,15692,12,73,264
429220524,-4056,-1960,16636,112,-54,220
429224081,-4052,556,15776,-11,44,-48
429227378,-3112,-204,16492,-37,-50,-182
429230934,-2012,1256,15460,-240,89,-327
429234491,-3356,1808,15308,-37,-26,-86
429237986,-3244,288,15940,-34,224,71
429241258,-4220,628,16252,10,198,150
429244554,-3608,-1496,16808,-312,486,-189
429248284,-3312,584,15612,-18,166,-21
429251668,-2604,672,15964,-216,138,-301
429255224,-3148,736,15424,-47,-81,-24
429258608,-3040,1652,15132,111,-97,72
429261994,-3596,-1184,16544,-97,-86,-174
429265683,-3680,156,15848,-159,279,-102
429269191,-2640,396,15948,-113,149,-355
429272748,-2308,1688,15716,-290,287,-163
429276391,-2796,2084,15292,-147,240,-150
429280035,-3520,4,15668,-34,96,110
429283158,-4056,872,16120,50,52,300
429286368,-4056,-2096,16948,-188,150,-281
429290121,-2724,1420,15404,-114,69,-119
429293690,-3000,620,16168,-61,-29,-255
429297125,-3348,732,15936,-100,-57,-168
429300681,-3316,1604,15064,-60,121,219
429304151,-2792,-1116,16568,-19,294,-24
429307708,-4316,396,16360,-89,324,76
429311005,-2556,436,15864,-322,345,-367
429314586,-2912,1336,15696,-88,49,-236
429318031,-3448,2252,15640,-65,-6,-1
429321328,-3644,-552,15788,88,-119,59
429324711,-4084,600,15720,-10,147,-9
429328008,-2992,12,16188,-134,-49,-275
429331478,-2124,1772,15508,-137,112,-234
429335121,-3268,1620,15460,-45,58,-33
429338529,-3300,56,15864,-17,212,44
429341714,-4312,712,16276,-40,304,165
429345097,-2516,-80,15872,-284,336,-172
429348654,-3104,980,15696,-79,217,-255
429352124,-3204,2412,15944,-205,-9,-188
429355681,-3412,80,15536,146,-40,168
429358977,-4128,884,15764,30,-61,35
429362235,-3472,-1272,16752,-31,-109,-144
429365917,-2084,1336,15492,-209,422,-202
429369561,-2796,604,16016,-85,-75,-137
429373031,-3132,760,15632,-213,316,-101
429376588,-2612,2288,15244,-46,133,117
429380057,-3608,-144,15508,93,38,222
429383354,-3904,816,16044,-81,260,42
429386654,-2592,284,16032,-236,43,-393
429390144,-2852,1364,15428,-77,50,-134
429393594,-3172,1844,15456,50,-166,30
429397009,-3432,612,16036,147,-93,146
429400357,-3712,136,16040,-120,240,-12
429403827,-2344,376,15948,-166,188,-365
429407384,-2652,1372,15804,-296,308,-141
429411027,-2804,288,16264,-298,292,-322
429414609,-3028,1176,15144,35,46,182
429417881,-4088,608,16160,38,5,317
429421004,-4008,-1944,16860,-121,161,-283
429424734,-2900,1220,15524,-48,50,-25
429428117,-2852,-120,16376,-140,-31,-328
429431761,-2916,1136,15660,-156,106,-255
429435404,-3032,1892,15200,-60,29,179
429438812,-3240,-1240,16680,38,306,54
429442171,-4080,548,16336,-119,229,71
429445554,-2648,188,16144,-278,417,-314
429449111,-2944,660,15756,-134,115,-244
429452667,-3264,2640,15668,-215,29,-260
429456224,-3576,212,15480,148,-98,215
429459607,-4040,708,16088,68,-137,70
429462952,-3400,-1144,16664,-76,48,-182
429466460,-2472,1076,15416,-189,146,-291
429470104,-2764,848,16056,-98,-3,-163
429473487,-3036,604,15660,-239,363,-123
429477044,-2880,2216,15236,9,85,175
429480254,-3804,-1660,16828,-198,430,-97
429483897,-4028,732,16036,-52,215,14
429487217,-2652,220,16216,-227,127,-367
429490751,-2952,1292,15364,-109,-37,-107
429494394,-2988,1864,15384,-118,-136,-270
429498159,-3376,484,15980,116,-103,170
429501594,-3812,248,15900,-63,36,151
429504891,-2688,-936,16360,-156,240,-308
429508534,-2684,1148,15628,-172,296,5
429511921,-2500,1076,15740,-209,315,-273
429515586,-2964,1096,15600,-56,146,-156
429519118,-3400,2332,15572,3,36,209
429522328,-4180,-1840,16876,166,-29,185
429525884,-4000,352,16064,-68,-1,-79
429529181,-2744,308,16148,-124,-15,-264
429532738,-2104,1560,15408,-106,3,-196
429536207,-3032,1848,15256,-54,103,163
429539702,-3352,116,15964,-45,272,62
429542974,-4180,608,16344,-28,224,145
429546357,-2616,-16,16156,-266,471,-193
429549914,-3004,928,15800,-130,71,-260
429553384,-3220,2456,15724,-143,68,-206
429556941,-3488,-60,15492,85,-146,106
429560324,-4188,636,15848,91,-116,113
429563768,-3540,-1428,16504,-123,-13,-207
429567438,-3596,-12,16004,-214,290,-217
429570994,-2848,876,16080,-99,86,-142
429574378,-2616,1492,15432,-208,228,-64
429577934,-2672,2076,15384,-27,201,122
429581404,-3684,120,15736,25,102,197
429584701,-4040,256,16228,7,232,47
429587847,-2608,576,15992,-266,72,-389
429591294,-2784,1460,15612,-77,-115,-97
429594851,-3116,1788,15288,29,-39,37
429598186,-3688,-1228,16460,118,-226,177
429601791,-3740,120,15780,-117,387,-50
429605261,-2476,-960,16344,-185,135,-408
429608904,-2716,1316,15612,-281,337,-135
429612572,-2540,808,15936,-284,397,-343
429616104,-3036,592,15284,-42,0,-162
429619401,-3356,2336,15644,-18,138,201
429622871,-4076,-1740,16816,-51,-20,-176
429626514,-3892,528,15904,-45,73,-18
429629811,-2932,136,16272,-155,-80,-305
429633368,-2068,1524,15580,-120,-15,-224
429637015,-3060,1892,15296,-67,110,-34
429640506,-3300,-188,16028,-14,212,10
429643864,-4356,596,16296,82,121,242
429647161,-3476,-1408,16684,-343,390,-270
429650891,-3032,1016,15648,-88,238,-77
429654361,-2520,972,16004,-199,129,-251
429657918,-3528,260,15516,-5,-175,-41
429661301,-3116,1652,15176,86,-39,148
429664733,-3472,-1328,16480,-122,-59,-241
429668415,-3672,120,15912,-130,324,-134
429671971,-2848,692,16040,-201,147,-356
429675528,-2456,1508,15600,-213,258,-120
429679172,-2816,1424,15832,-164,359,-167
429682815,-3540,72,15784,-45,-20,-42
429686111,-3476,1988,15604,33,130,259
429689518,-3984,-1792,16872,-206,75,-307
429693138,-3624,572,15876,-102,68,-128
429696608,-2940,652,15952,-108,-31,-255
429700200,-2096,1636,15376,-46,-100,-125
429703809,-3292,1640,15268,-77,34,65
429707105,-3456,-552,16316,-65,277,-6
429710488,-4172,424,16184,-111,317,40
429713896,-3268,-1268,16444,-341,463,-331
429717602,-2896,1252,15688,-75,60,-208
429721072,-2684,2148,15748,-98,59,-35
429724455,-3744,-656,16000,99,-88,86
429727752,-3964,728,15848,72,-34,77
429730961,-3456,-1352,16376,-125,-36,-237
429734692,-2100,1624,15344,-259,271,-290
429738360,-2904,1148,16108,-90,43,-66
429741718,-3416,36,15872,-164,171,-60
429745101,-2904,1984,15400,48,176,218
429748485,-3604,-1488,16844,-307,357,-244
429752215,-3956,404,16252,-65,288,-69
429755598,-2452,1060,15916,-251,161,-379
429759242,-2896,1444,15488,-4,-103,-48
429762760,-2736,1340,15792,-41,-37,-160
429766268,-3580,-252,16388,104,-193,166
429769825,-3524,1108,15196,-51,198,149
429773295,-2280,-560,16232,-189,39,-375
429776852,-3748,568,16248,-235,375,-35
429780322,-2528,1404,15836,-229,309,-233
429783966,-2748,1456,15264,-17,-54,-71
429787459,-3864,1956,15536,-42,59,108
429790819,-3936,-1208,16320,46,-44,39
429794202,-3612,828,15696,-77,169,-56
429797585,-3316,-1148,16536,-152,-42,-304
429801351,-2112,1940,15508,-314,270,-374
429804959,-2988,1512,15772,-105,69,64
429808342,-3552,-668,16480,-110,151,11
429811816,-3344,1964,15584,53,190,209
429815220,-3212,-1396,16264,-302,332,-267
429818926,-3736,-204,16280,-129,273,-243
429822569,-2808,-248,16400,-341,140,-461
429826213,-3008,1076,15368,105,-236,119
429829770,-2888,1452,15624,-33,-30,-143
429833326,-3728,-612,16548,112,-250,136
429836887,-3676,480,15496,-29,213,64
429840204,-2288,-124,15848,-182,275,-274
429843823,-3324,896,16076,-259,341,-113
429847380,-2608,1608,15948,-359,450,-423
429851023,-2812,1292,15308,16,-71,43
429854320,-4036,1628,15908,-13,42,224
429857703,-4132,-1756,16676,1,2,-82
429860913,-3472,964,15716,-99,104,-87
429864344,-2932,772,15988,-166,10,-352
429867766,-2396,1744,15396,25,-160,-34
429871236,-3328,1216,15188,-110,141,104
429874793,-3388,-980,16528,-75,216,-121
429878350,-3808,1180,15968,44,263,211
429881733,-2920,-776,16128,-366,343,-381
429885376,-3528,364,15696,-89,225,-186
429888870,-2764,1928,15868,-143,37,-49
429892316,-2956,1272,15372,113,-216,125
429895873,-3744,1036,15488,84,43,126
429899170,-3196,-964,16372,-24,-56,-32
429902675,-2844,532,15492,-203,300,-256
429906196,-2976,1352,15864,-200,60,-346
429909753,-2788,1376,15280,-93,197,-5
429913161,-3052,1972,15316,-124,271,-41
429916693,-4128,-916,16412,-37,173,118
429920163,-3984,1272,15748,-2,285,210
429923546,-3076,-988,16440,-250,50,-447
429927103,-2912,1336,15420,-103,41,-155
429930660,-2800,1428,15840,-44,-144,-145
429934303,-2696,1392,15556,43,-187,54
429937711,-3580,1128,15552,-57,201,146
429941157,-3292,-1212,16588,-101,234,-171
429944887,-3384,632,15996,39,227,168
429948183,-2480,-232,15948,-372,355,-414
429951827,-2872,1348,15288,-108,154,-191
429955470,-3080,2388,15776,-89,18,103
429958854,-4156,-1400,16492,117,-185,135
429962546,-4080,912,15632,62,82,92
429965620,-3084,-752,16404,-180,-73,-333
429969264,-2508,900,15500,-229,258,-303
429972820,-3120,1632,15568,-162,11,-267
429976377,-2856,1128,15188,-34,194,65
429979760,-3540,1524,15536,-97,220,4
429983057,-4020,-1032,16628,-30,267,112
429986617,-3620,-124,15924,-184,352,-286
429990280,-2576,56,16164,-334,39,-454
429993640,-3232,756,15528,155,-125,154
429997110,-2840,1688,15516,-91,-82,-139
430000667,-3660,-884,16440,147,-261,152
430004259,-3916,336,15724,-116,291,49
430007607,-2284,-36,16052,-151,174,-287
430011164,-3064,1008,15644,-316,453,-179
430014832,-2484,308,16024,-338,316,-372
430018364,-2960,932,15140,2,49,51
430021400,-3616,1796,15500,-2,79,225
430024697,-3436,-1548,16668,94,-48,46
430028080,-3244,660,16084,-247,124,-268
430031637,-2784,1576,15592,-138,-115,-325
430035367,-2616,1112,15672,79,-75,31
430038688,-3400,1296,15404,-125,45,74
430042047,-3352,-1212,16628,-40,289,-100
430045690,-3792,704,15948,7,194,152
430048900,-2636,-456,16176,-330,414,-395
430052544,-2908,976,15220,-54,245,-139
430056014,-2820,1952,16212,-182,13,-77
430059483,-3828,-504,15892,127,-142,155
430063143,-3988,284,15536,49,-12,89
430066250,-3144,-504,16364,-155,-19,-312
430069894,-2556,824,15436,-265,268,-261
430073450,-2968,1600,15832,-159,-7,-343
430077007,-2652,1424,15324,-41,256,56
430080390,-3488,1348,15476,-97,106,53
430083774,-4028,-1160,16900,-83,334,42
430087267,-3684,304,15924,-106,208,-149
430090800,-3028,-704,16304,-231,54,-411
430094357,-2908,1400,15488,-190,116,-199
430098000,-2880,1648,15464,-23,-162,-69
430101557,-3028,1152,15752,142,-127,102
430105153,-3792,768,15644,-73,162,135
430108497,-2260,-356,15972,-106,262,-202
430112165,-3240,836,15976,-360,388,-200
430115698,-2472,172,15992,-301,328,-355
430119254,-2952,1012,15272,-83,191,-243
430122811,-3160,2492,15720,-11,-36,154
430126281,-4024,-1792,16804,152,-133,178
430129925,-3940,712,15696,24,22,33
430133047,-3108,-700,16320,-129,-20,-334
430136695,-2288,912,15640,-295,286,-340
430140272,-3124,1760,15496,-115,-35,-211
430143891,-2924,780,15336,-20,234,72
430147188,-3788,1256,15968,-59,142,93
430150571,-4056,-1460,16940,-120,350,-24
430154215,-3568,456,15860,-38,267,87
430157511,-2664,268,16164,-260,37,-383
430160981,-3132,1008,15440,73,-138,126
430164499,-2956,1988,15276,40,-177,-18
430167921,-3684,-984,16656,17,14,-9
430171131,-2812,424,15816,-112,227,25
430174514,-2344,268,15856,-151,103,-303
430178071,-2648,1272,15124,-288,356,-111
430181714,-2716,1688,15784,-115,184,-85
430185271,-2900,1444,15160,38,75,145
430188591,-4144,568,15748,20,180,166
430191864,-3016,-300,16400,-274,127,-404
430195508,-3040,1076,15572,-129,17,-78
430198977,-2860,1556,15428,-136,-28,-394
430202621,-2752,1572,15556,92,-209,98
430206039,-3736,600,15588,-77,64,172
430209301,-3296,-1272,16576,-147,289,-221
430213056,-3336,784,16228,-42,219,124
430216414,-2576,36,15884,-309,404,-386
430219884,-2736,1120,15348,-164,127,-249
430223528,-3156,2348,15588,-7,55,143
430226824,-4124,-1572,16696,40,-40,-9
430230208,-4028,904,15796,41,32,81
430233331,-3216,-596,16356,-171,-6,-352
430236891,-2296,1628,15552,-244,175,-365
430240555,-3240,1864,15852,-89,101,120
430244001,-3324,-1028,16460,-53,171,51
430247471,-3444,1576,15712,94,187,212
430250854,-2876,-1032,16248,-135,331,103
430254498,-3600,-120,16012,-163,252,-308
430258141,-2756,308,16172,-291,114,-421
430261701,-3216,820,15480,86,-184,115
430265129,-2828,1696,15368,-6,-38,-153
430268551,-3716,-792,16556,82,-200,111
430272021,-3996,144,15872,-68,291,32
430275317,-2388,168,15868,-172,-19,-323
430278874,-2588,1412,15292,-305,342,-136
430282518,-2620,2132,15860,-92,197,-23
430285988,-2872,972,15240,50,-93,120
430289308,-3896,1540,15664,23,249,185
430292668,-3212,-1196,16592,-20,-27,-99
430296224,-3092,956,15488,-151,132,-164
430299781,-2936,1172,15644,-154,-28,-361
430303425,-2580,1472,15672,65,-166,43
430306843,-3028,1968,15512,-75,117,132
430310278,-3536,-1248,16616,-92,212,-144
430313946,-4052,808,16216,49,270,196
430317218,-2768,-308,16152,-387,341,-379
430320861,-3360,672,15684,-97,195,-195
430324331,-2972,1980,16100,-96,43,55
430327628,-3908,-1148,16268,94,-164,135
430331185,-3724,840,15592,50,58,104
430334394,-3228,-852,16484,-160,-53,-354
430338062,-2588,772,15588,-237,305,-303
430341595,-3060,1632,15648,-153,-13,-300
430345238,-2848,1308,15352,-38,178,49
430348621,-3560,1304,15800,-52,236,62
430352004,-4040,-1068,16744,-122,244,43
430355561,-3764,160,15936,51,262,174
430358858,-2988,-572,16376,-282,24,-466
430362463,-2960,1288,15340,-112,48,-143
430365971,-3096,1392,15536,-26,-163,-114
430369615,-2876,1372,15600,75,-200,70
430372998,-3908,420,15784,-42,207,149
430376381,-2216,-100,16028,-192,233,-291
430380025,-3076,1160,15828,-222,400,-84
430383582,-2568,16,16196,-340,390,-372
430387075,-3028,1112,15180,69,2,68
430390175,-3808,1388,15836,-35,219,218
430393645,-4076,-1648,16552,29,-26,-79
430397115,-3220,704,15736,-162,112,-160
430400671,-3064,-420,16364,-169,-34,-374
430404315,-2472,1644,15488,-179,167,-330
430407993,-2976,1892,15596,-151,27,138
430411428,-3536,-1152,16624,-13,129,81
430414923,-3896,1080,16024,-49,265,148
430418368,-2744,-468,15980,-185,274,-49
430421925,-3304,328,15940,-98,293,-265
430425395,-2840,2380,15784,-311,73,-410
430428952,-3152,852,15440,139,-113,181
430432422,-3112,1684,15416,13,-79,-48
430435805,-3768,-1184,16520,5,-96,-4
430439126,-2744,516,15572,-121,348,-12
430442572,-2408,356,15924,-172,-15,-340
430446128,-2944,1184,15416,-242,355,-106
430449772,-2752,2020,15532,-84,139,17
430453155,-4036,-1096,16648,46,6,156
430456452,-4004,1004,15836,-19,265,181
430459921,-3040,-552,16280,-264,67,-433
430463527,-2928,1068,15556,-169,114,-129
430467122,-2920,1644,15648,-172,-93,-348
430470765,-2940,1116,15804,163,-135,144
430474322,-3208,1752,15200,-101,59,154
430477792,-3140,-1104,16672,-105,256,-261
430481522,-4392,624,16432,-42,250,160
430484906,-2420,-128,15884,-330,338,-408
430488572,-3216,828,15688,-98,206,-288
430492024,-3064,2428,15604,-206,21,-222
430495576,-3488,64,15632,128,-102,174
430498959,-4144,848,15736,45,-20,64
430502169,-3500,-1404,16636,-34,-108,-148
430505899,-2308,1168,15528,-182,404,-178
430509577,-2556,980,15828,-99,-23,-206
430513037,-3212,424,15588,-129,239,-36
430516483,-2736,2012,15352,-81,124,80
430519866,-3864,-1228,16780,37,54,215
430523249,-4132,320,16060,-43,290,45
430526546,-2508,680,15908,-237,-8,-364
430530016,-3092,784,15428,-53,21,-49
430533312,-3108,1632,15352,42,-178,-16
430536785,-3468,-956,16324,124,-72,138
430540277,-3996,-24,15848,-116,216,-7
430543635,-2272,580,15900,-141,64,-311
430547105,-2772,1408,15636,-275,354,-123
430550749,-2744,2188,15572,-269,265,-297
430554392,-3020,936,15504,87,89,177
430557602,-4096,912,15964,-49,185,97
430560899,-2880,-540,16056,-45,71,-186
430564429,-2836,1168,15472,-139,-16,-187
430568012,-2772,312,16164,-132,-82,-328
430571569,-3048,1008,15920,105,-128,154
430575126,-2992,1852,15360,-84,10,143
430578509,-3084,-1308,16764,-160,318,-198
430582239,-4136,472,16164,-96,237,79
430585536,-2668,436,15948,-274,367,-355
430589116,-3116,1032,15820,-101,131,-202
430592736,-3288,2236,15712,-188,-42,-249
430596379,-3428,420,15476,104,-14,192
430599763,-4056,436,16092,91,-151,105
430603146,-3444,-1116,16504,-96,59,-188
430606703,-2152,1180,15108,-242,291,-177
430610381,-2664,836,15932,-92,52,-134
430613754,-2640,1596,15312,-213,306,-63
430617286,-2736,2048,15268,26,36,175
430620583,-3748,-1352,16756,2,211,163
430623966,-4004,416,16200,-36,205,15
430627262,-2600,612,16048,-223,108,-315
430630819,-2736,1480,15508,-57,-83,-66
430634289,-3084,1712,15200,80,-139,59
430637697,-3524,172,16156,105,-66,156
430641056,-3856,36,15864,-118,237,-93
430644439,-2500,640,15884,-220,266,-383
430647995,-2500,1404,15628,-254,237,-166
430651639,-2620,1156,15904,-179,331,-206
430655283,-3312,332,15596,-4,53,169
430658492,-4216,804,16092,25,47,252
430661706,-3936,-1796,16868,-161,89,-251
430665394,-2712,1312,15312,-93,52,-124
430668816,-2888,708,16064,-126,-32,-249
430672372,-3220,740,15848,-53,-98,-146
430675842,-3248,1696,15380,-55,131,165
430679312,-2804,-988,16564,-59,273,4
430682609,-4256,404,16404,-128,303,39
430685992,-2500,736,15940,-312,326,-336
430689572,-3068,1052,15580,-63,21,-150
430693019,-3020,2400,15440,-20,110,207
430696489,-3632,-116,15548,114,-141,177
430700046,-4140,264,16064,27,141,-30
430703342,-2884,92,16332,-188,-46,-312
430706812,-1964,1464,15352,-100,72,-202
430710407,-2988,1836,15232,-110,62,-118
430713950,-3156,268,15924,-6,186,88
430717135,-4236,308,16120,76,168,235
430720432,-3444,-1456,16904,-320,342,-272
430724162,-3136,892,15764,-33,267,-34
430727545,-2596,936,16188,-270,58,-311
430731015,-3388,424,15608,163,-121,169
430734485,-3216,1716,15224,63,-30,79
430737806,-3456,-1168,16452,-74,-80,-185
430741425,-3720,32,15892,-146,379,-140
430744895,-2660,776,15980,-111,-71,-167
430748452,-2376,1564,15332,-195,288,-129
430752095,-2680,2240,15372,-232,333,-196
430755739,-3552,28,15528,41,67,198
430758862,-4000,688,15840,-60,302,88
430762207,-2700,144,16120,-154,24,-324
430765629,-2724,1576,15560,-87,7,-119
430769012,-3156,1728,15340,-117,-131,-180
430772742,-3396,236,15860,170,-134,120
430776212,-3304,1768,15452,-40,134,175
430779682,-2832,-924,16512,-202,149,-336
430783325,-4168,388,16268,-128,363,-23
430786799,-2484,1032,15916,-290,283,-301
430790462,-2916,1272,15460,-11,83,-125
430793909,-3464,2208,15460,-154,83,-88
430797379,-3660,-216,15800,115,-96,157
430800849,-3960,260,16068,111,9,133
430804059,-2924,280,16060,-124,-96,-289
430807616,-2180,1480,15316,-119,93,-200
430811207,-2912,1252,15856,-104,-12,-96
430814754,-3528,-184,16016,29,274,102
430818112,-3120,1820,15352,-6,188,203
430821496,-3340,-1460,16628,-305,343,-270
430825226,-3756,456,16076,-55,329,-63
430828609,-2648,1196,16064,-188,-30,-236
430832253,-3004,1568,15380,17,-74,36
430835549,-3228,1528,15264,36,-79,71
430838870,-3620,-1200,16528,119,-131,125
430842489,-3648,16,16004,-217,349,-157
430845959,-2412,-684,16212,-225,83,-422
430849516,-2448,1628,15392,-198,329,-92
430853073,-2656,1188,16100,-235,256,-212
430856716,-3612,280,15500,28,-20,-37
430860013,-3800,1688,15580,39,116,327
430863444,-3588,-1596,16988,-241,117,-433
430867126,-3520,908,15660,-86,151,-57
430870509,-2796,632,16044,-145,-86,-262
430874066,-2396,1968,15352,23,-52,-48
430877449,-3312,1408,15228,-54,60,183
430880832,-3636,-708,16404,3,273,-15
430884129,-4052,460,16292,-186,373,-19
430887622,-2592,652,16024,-302,353,-302
430891156,-2956,1304,15728,-95,145,-148
430894713,-3584,2100,15480,-94,-58,7
430898009,-3692,-804,15832,94,29,84
430901219,-3992,816,15816,-37,30,-29
430904515,-2908,-104,16264,-61,-13,-251
430908072,-1976,1740,15384,-162,15,-253
430911667,-3204,1772,15224,-60,-37,-29
430915123,-3448,-48,15956,-50,287,60
430918395,-4268,604,16352,-33,255,72
430921692,-3260,-1436,16604,-315,472,-256
430925422,-3192,968,15656,-88,178,-85
430928805,-2620,1268,15868,-174,88,-217
430932362,-3496,368,15564,117,-181,169
430935832,-3244,1628,15124,100,-87,108
430939327,-3340,-1184,16608,-134,-31,-250
430943032,-3612,328,15900,-170,238,-136
430946589,-2724,644,16012,-175,181,-368
430950146,-2428,1732,15216,-183,189,-126
430953789,-2704,1616,15936,-122,222,-106
430957433,-3672,-164,15888,-25,68,-16
430960816,-3576,2120,15464,27,73,253
430964162,-3628,-1832,16840,-202,158,-339
430967843,-3664,432,15864,-156,48,-146
430971313,-2848,1004,15908,-161,-17,-324
430974956,-2328,1584,15488,-17,-105,-80
430978513,-2792,1744,15548,-76,4,4
430981636,-3576,-856,16484,-92,339,-24
430985106,-4072,580,16424,-156,288,3
430988426,-2568,972,16164,-361,539,-376
430991959,-3144,1192,15616,-26,-24,-122
430995516,-2992,1824,15968,-117,70,-51
430998986,-3752,-392,15752,80,-80,122
431002369,-3992,352,15916,117,-39,134
431005753,-3164,-1104,16712,-205,23,-318
431009396,-3180,492,15836,-260,237,-227
431012996,-2840,1100,15920,-68,97,-87
431016336,-3444,-80,15952,-134,205,-15
431019806,-3312,1672,15488,48,156,194
431023189,-3396,-1248,16436,-45,239,107
431026746,-3720,280,15884,-69,176,-107
431030216,-2640,1444,16032,-219,171,-441
431033860,-2840,1484,15608,8,-169,41
431037181,-3220,1568,15184,-46,-51,-148
431040713,-3760,-248,16264,82,-135,108
431044183,-3536,-44,15860,-20,134,188
431047566,-2508,-536,16228,-244,155,-422
431051209,-2336,1704,15236,-282,306,-138
431054853,-2620,1620,15916,-137,302,-81
431058410,-2880,1192,15344,-33,-40,-18
431061883,-3560,1880,15604,48,200,291
431065365,-4056,-1480,16408,43,14,39
431068560,-3528,724,15700,-117,46,-158
431072030,-2804,988,15956,-174,37,-332
431075500,-2472,1612,15532,16,-139,-90
431078970,-3208,1564,15232,-34,83,85
431082266,-3624,-1188,16460,-84,251,-82
431085823,-4192,716,16392,-145,385,-4
431089231,-2936,-1120,16224,-375,425,-353
431092936,-2808,1440,15460,-165,221,-302
431096580,-2896,2240,15860,-76,47,47
431099876,-3836,-1028,15936,94,-219,140
431103433,-3564,1436,15356,77,58,77
431106643,-3224,-1348,16460,-147,-115,-285
431110460,-2952,360,15556,-289,384,-342
431114062,-2292,316,15944,-178,94,-355
431117486,-2624,1300,15292,-77,192,18
431120870,-3064,1700,15392,-57,250,-33
431124340,-4024,-820,16604,-67,166,85
431127723,-3720,424,15944,-56,289,-118
431131193,-3228,-1200,16624,-279,91,-481
431134837,-2848,1500,15312,-155,8,-200
431138331,-2864,1296,15708,-40,-68,-90
431141777,-3632,-144,16044,64,-213,46
431145160,-3676,724,15608,-25,215,181
431148543,-2416,-440,16208,-207,35,-424
431152100,-3420,884,16072,-251,381,-144
431155657,-2596,1636,15952,-366,405,-386
431159300,-2812,1228,15160,41,-43,12
431162645,-3688,1856,15520,-22,61,139
431165980,-4148,-1488,16552,65,-52,-11
431169450,-3428,788,15652,-143,163,-127
431173007,-3128,-704,16460,-185,-82,-344
431176650,-2464,1612,15524,-219,204,-297
431180294,-3064,1700,15536,-116,49,35
431183677,-3496,-1004,16540,-24,140,69
431187171,-3784,1300,15852,16,220,183
431190530,-2884,-824,16336,-175,286,-59
431194087,-3368,320,15880,-106,262,-211
431197644,-2916,2108,15784,-333,115,-432
431201287,-3120,1164,15520,135,-219,146
431204844,-2788,1620,15528,-1,-58,-58
431208227,-3752,-780,16492,65,-123,21
431211614,-2952,484,15636,-96,301,58
431214949,-2452,-44,15916,-154,-1,-346
431218377,-2704,1284,15328,-81,262,-15
431221847,-2492,2240,15652,-124,169,27
431225317,-4072,-1292,16616,-44,292,79
431228787,-4148,1204,15656,-40,272,178
431232257,-3064,-1048,16272,-206,54,-420
431235900,-3204,844,15580,-138,110,-145
431239482,-2776,1480,15724,-180,-87,-368
431243100,-2676,1344,15484,125,-139,73
431246570,-3596,952,15688,-111,69,109
431249954,-3336,-1252,16880,-68,265,-160
431253597,-4052,736,16180,-11,295,148
431256981,-2532,-116,15924,-361,333,-397
431260624,-3120,716,15640,-85,203,-186
431264142,-3092,2316,15764,-74,-33,71
431267477,-4028,-1352,16324,126,-160,157
431271121,-3908,900,15728,-3,24,39
431274244,-2904,-792,16360,-145,-35,-336
431277887,-2572,796,15460,-247,290,-338
431281444,-2880,1732,15724,-159,-34,-292
431285088,-2836,980,15292,-35,257,67
431288409,-3580,1664,15760,-104,134,18
431291854,-4104,-1144,16868,-74,302,103
431295411,-3592,292,15976,-36,288,68
431298707,-2700,192,16208,-254,30,-416
431302177,-3220,968,15572,-65,34,-72
431305474,-2828,1788,15376,-23,-154,-88
431309030,-3856,-916,16464,109,-45,62
431312437,-3928,240,15880,-99,184,36
431315745,-2268,-32,16048,-150,72,-393
431319180,-2444,1480,15160,-303,415,-132
431322824,-2472,1764,15964,-113,161,-90
431326380,-3012,1328,15184,16,90,110
431329677,-4012,764,15920,46,143,248
431332974,-3140,-644,16524,-304,173,-469
431336621,-3244,1136,15624,-153,12,-110
431340198,-2896,1300,15848,-160,-64,-334
431343817,-2880,1648,15584,45,-141,73
431347201,-3916,640,15632,-50,-44,172
431350584,-3336,-1160,16576,-152,404,-199
431354314,-4040,1060,16044,16,96,178
431357611,-2744,-528,16132,-316,457,-366
431361254,-2912,540,15704,-205,233,-333
431364859,-3312,2452,15616,38,-43,202
431368194,-3368,356,15764,103,-65,173
431371577,-3912,1100,15500,27,-20,78
431374874,-3192,-1028,16400,-158,19,-335
431378517,-2408,972,15444,-266,187,-342
431382074,-3008,1644,15648,-120,44,-242
431385631,-2812,1076,15324,-90,177,10
431389039,-3480,1580,15620,-58,111,30
431392397,-4244,-1084,16740,-115,354,116
431396041,-3412,-36,15996,-17,140,124
431399424,-2632,72,16096,-262,132,-460
431402894,-3148,896,15428,-92,-32,-62
431406277,-2864,1560,15580,-35,-62,-125
431409834,-3736,-700,16284,102,-130,141
431413414,-3896,320,15772,-51,171,72
431416722,-2420,24,16200,-203,109,-368
431420157,-2988,1064,15780,-298,332,-155
431423801,-2584,1924,15852,-281,331,-354
431427444,-3052,912,15248,-21,23,102
431430741,-3832,1496,15712,-27,4,146
431434037,-4144,-1676,16688,3,25,-22
431437358,-3300,800,15608,-136,46,-192
431440804,-2972,1200,15800,-149,-10,-350
431444447,-2376,1604,15592,43,-159,-23
431447917,-3228,1840,15528,-44,60,110
431451301,-3532,-1104,16600,-115,256,-137
431455031,-3932,1004,16168,15,135,197
431458414,-2728,-548,16088,-406,474,-395
431462106,-3400,492,15812,-83,100,-211
431465528,-2856,2152,15836,-113,131,20
431468998,-3108,1056,15488,113,-183,179
431472554,-3780,908,15524,66,29,102
431475764,-3176,-840,16468,-23,-16,-60
431479234,-2728,672,15692,-232,243,-273
431482791,-2340,116,16012,-138,147,-305
431486348,-2772,1376,15344,-44,148,70
431489755,-2520,1976,15524,-36,178,52
431493114,-4248,-1144,16648,-104,256,47
431496671,-3960,156,16028,60,158,272
431499967,-3204,-1332,16464,-300,209,-489
431503697,-2824,1104,15460,-211,15,-297
431507254,-3100,1544,15596,80,-93,58
431510551,-3604,-740,16380,55,-136,18
431513957,-3716,980,15628,5,168,171
431517179,-2272,-464,16028,-269,66,-450
431520701,-3284,860,15840,-290,308,-209
431524257,-2620,1784,15776,-131,267,-63
431527814,-2716,1052,15200,-25,-71,-7
431531197,-3640,1996,15500,45,194,291
431534581,-3552,-1708,16664,14,-18,16
431537988,-3236,964,15556,-112,132,-140
431541521,-2868,984,16020,-161,-56,-309
431545077,-2484,1692,15416,14,-84,-40
431548461,-3436,1140,15432,-44,76,59
431551757,-3524,-1048,16524,-122,271,-95
431555401,-3984,368,16220,83,184,198
431558697,-2860,-652,16552,-399,409,-396
431562401,-2772,1260,15408,-118,187,-209
431565984,-2848,2064,15828,-115,2,-12
431569367,-3740,-836,16272,75,-191,107
431572837,-3684,1608,15292,62,5,123
431576047,-3216,-1304,16452,-124,-76,-266
431579777,-2880,24,15804,-295,399,-380
431583247,-2812,1756,15560,-215,39,-328
431586808,-2888,848,15396,-12,180,45
431590125,-3292,2140,15572,13,122,193
431593484,-3980,-924,16524,-15,199,144
431596954,-3924,240,15912,-153,345,-167
431600511,-3024,-808,16556,-267,28,-428
431604067,-2844,1316,15504,45,-43,27
431607364,-2748,1408,15556,-55,-87,-155
431610921,-3736,-464,16500,121,-116,125
431614500,-3728,676,15620,-102,225,140
431617982,-2184,-352,16000,-169,63,-401
431621504,-3464,512,16076,-252,427,-111
431625061,-2420,1904,15716,-379,371,-421
431628704,-2744,1188,15124,99,-22,82
431632001,-3792,1732,15532,-83,94,100
431635384,-4096,-1488,16584,43,-45,2
431638705,-3448,676,15556,-181,173,-141
431642237,-3044,-688,16300,-136,-105,-366
431645968,-2400,1732,15388,-251,265,-378
431649611,-2888,1996,15612,-102,16,103
431653081,-3504,-1260,16548,-36,182,69
431656551,-3740,1236,15724,32,202,207
431659934,-2848,-764,16432,-154,265,53
431663453,-3472,336,16076,-147,283,-278
431666961,-2824,2096,15828,-275,51,-412
431670518,-3112,1072,15512,154,-125,120
431674075,-3668,1296,15416,-34,-33,-73
431677545,-3688,-960,16676,52,-142,12
431680928,-2876,540,15340,-125,368,17
431684311,-2276,84,15904,-138,-68,-304
431687806,-2684,1372,15400,-272,428,-158
431691425,-2644,2128,15680,-95,115,14
431694808,-4092,-1108,16492,62,-44,159
431698278,-3984,1280,15808,-21,215,190
431701748,-3144,-984,16560,-38,-35,-88
431705218,-3028,996,15588,-140,134,-168
431708774,-2896,1324,15676,-161,-96,-352
431712441,-2744,1424,15664,86,-86,73
431715714,-3544,1020,15500,-128,35,105
431719220,-3352,-1060,16600,-63,292,-123
431722828,-3364,620,16112,-6,290,170
431726125,-2568,40,15840,-376,345,-374
431729595,-3016,1068,15352,43,51,19
431732804,-3596,1904,15552,-106,11,66
431736188,-3984,-1148,16240,115,2,51
431739509,-3476,696,15840,-132,32,-123
431742954,-3072,-944,16232,-159,2,-385
431746424,-2280,1680,15484,3,-73,-56
431749721,-3324,1464,15404,-65,-40,86
431753104,-3468,-852,16372,-90,376,-106
431756661,-3944,460,16100,50,80,202
431759870,-2924,-816,16068,-343,465,-304
431763562,-2992,1112,15588,-160,196,-235
431767157,-2596,2040,15924,-118,29,-27
431770627,-4012,-820,16060,107,-128,152
431774184,-3456,1332,15248,42,-33,36
431777481,-3324,-1104,16456,113,-80,42
431780951,-3176,224,15752,-291,307,-306
431784507,-2992,1488,15948,-142,30,-353
431788089,-2532,1472,15416,-179,220,-31
431791621,-3020,2044,15340,-155,207,-104
431795264,-4080,-504,16360,-22,296,243
431798734,-4036,892,15904,3,161,206
431801944,-3116,-732,16568,-281,158,-426
431805588,-2808,1196,15536,-149,23,-118
431809144,-2952,1392,15904,-60,-82,-190
431812724,-2512,1652,15416,66,-134,77
431816084,-3788,652,15760,-65,160,126
431819502,-2292,-292,15948,-130,365,-203
431823111,-3496,592,15984,-236,318,-92
431826581,-2620,-280,16076,-380,495,-427
431830225,-2868,1320,15264,23,-69,15
431833521,-3744,1824,15556,-40,50,136
431836908,-4056,-1264,16568,35,-19,19
431840312,-3428,596,15988,86,-10,89
431843497,-3116,-828,16380,-190,36,-346
431847054,-2324,1844,15336,53,-157,-35
431850524,-3244,1328,15756,-75,112,44
431853907,-3412,-700,16240,-40,221,-46
431857377,-4100,236,16344,102,153,261
431860761,-2788,-812,16260,-404,379,-423
431864452,-3492,468,15884,-123,201,-176
431867961,-2752,1740,16060,-147,62,-70
431871431,-3180,1236,15456,75,-205,92
431874814,-3608,1340,15120,80,54,108
431878111,-3360,-1128,16644,-121,-98,-272
431881841,-3016,308,15668,-252,393,-269
431885398,-2272,-160,16020,-164,63,-369
431888979,-2488,1580,15364,-110,169,-9
431892424,-2628,1892,15816,-43,206,18
431895808,-4072,-784,16416,-86,213,106
431899278,-3856,212,16080,27,98,229
431902487,-3380,-1224,16504,-297,142,-473
431906217,-2796,1496,15416,-147,31,-169
431909774,-2804,1300,15724,-32,-57,-133
431913354,-2644,1472,15564,23,-167,12
431916714,-3564,1000,15344,-12,123,167
431920219,-2308,-540,16176,-136,363,-163
431923828,-3820,624,16128,-179,269,-58
431927298,-2696,-576,16144,-337,467,-367
431930941,-2752,1504,15288,-37,-31,-68
431934411,-2968,2560,15600,16,19,142
431937732,-4068,-1432,16288,15,-15,-16
431941178,-3988,1236,15480,40,13,115
431944474,-3196,-1112,16332,-170,-31,-330
431948205,-2432,720,15528,-301,237,-386
431951761,-3100,1484,15904,-74,109,76
431955145,-2780,1104,15332,-61,149,-3
431958528,-3520,1576,15588,93,179,224
431961964,-2896,-988,16392,-141,312,46
431965381,-3496,376,15816,-64,199,-176
431968851,-2744,1680,15872,-311,176,-421
431972494,-3036,1292,15344,81,-191,78
431975878,-3620,1324,15276,9,-69,3
431979001,-3260,-1144,16504,36,-98,23
431982384,-3164,344,15592,-235,403,-234
431985941,-3160,968,16140,-173,35,-365
431989435,-2508,1516,15252,-127,240,-26
431992968,-3072,1848,15380,-103,238,-11
431996524,-3936,-880,16328,-12,206,132
431999994,-3736,1664,15544,42,220,247
432003377,-3176,-1296,16644,-222,53,-434
432007021,-3192,844,15644,-149,94,-185
432010491,-2936,1224,15656,-38,-190,-121
432014158,-2516,1488,15544,36,-143,46
432017518,-3640,1036,15268,-44,151,181
432021023,-3464,-1196,16736,-95,218,-148
432024631,-3588,584,16092,27,260,178
432027928,-2716,-356,16264,-374,311,-391
432031571,-2876,1264,15240,29,53,-8
432034781,-3616,1984,15300,-98,22,46
432038102,-4076,-1176,16280,91,-31,58
432041461,-3668,524,15888,-156,97,-196
432044931,-3192,-880,16496,-127,-93,-354
432048574,-2268,1724,15472,-263,356,-336
432052218,-3216,1632,15788,-103,-14,69
432055688,-3712,-1040,16516,-11,179,74
432059158,-3388,1596,15580,-3,141,191
432062643,-2928,-1124,16212,-60,256,127
432066098,-3752,-56,16060,-159,309,-276
432069655,-2780,2024,15812,-321,51,-457
432073211,-3100,928,15264,124,-70,98
432076508,-3480,1704,15100,-55,-142,-142
432080151,-3820,-640,16516,153,-128,131
432083708,-3884,388,15808,-145,306,57
432087116,-2264,-124,15948,-138,18,-352
432090653,-3156,828,15872,-300,437,-164
432094205,-2568,1960,15780,-150,180,-68
432097762,-2968,888,15176,84,2,104
432100885,-3748,1648,15700,-14,113,199
432104355,-3456,-1456,16708,28,4,-58
432107651,-3352,788,15764,-186,45,-165
432111121,-2932,1036,15788,-56,-97,-195
432114701,-2328,1664,15652,16,-76,-31
432118061,-3520,1140,15296,-47,99,201
432121483,-2532,-668,16320,-64,351,-105
432125001,-3732,592,16264,-239,297,-117
432128558,-2592,-460,15840,-336,431,-389
432132201,-2772,1228,15248,-36,11,-70
432135585,-2996,2208,15904,-86,16,25
432138906,-3988,-1156,16164,66,2,63
432142091,-3960,648,15920,-64,63,-67
432145387,-2880,656,16060,-141,28,-292
432148857,-2224,1656,15544,-68,-46,-152
432152414,-3348,1592,15480,-30,40,42
432155711,-3432,-580,16088,-46,265,-17
432159181,-4232,528,16460,81,115,281
432162526,-3080,-1172,16576,-399,476,-335
432166207,-3056,1056,15400,-68,165,-118
432169764,-2812,1372,16036,-208,111,-159
432173407,-2956,1380,15360,13,-174,23
432176791,-3420,1596,15200,126,4,94
432180001,-3408,-1164,16544,-141,-68,-290
432183731,-3368,204,15928,-186,266,-192
432187312,-2460,-360,16016,-193,192,-390
432190931,-2476,1424,15496,-139,189,-96
432194488,-2432,1880,15700,-139,308,-73
432198045,-3784,-496,15992,-23,14,11
432201341,-3564,1948,15516,67,99,272
432204638,-3596,-1828,16796,-248,134,-374
432208368,-3392,796,15880,-163,18,-183
432211841,-2992,912,15724,-33,-9,-181
432215244,-2416,1620,15524,-14,-165,-63
432218778,-3452,1276,15164,-19,174,219
432222283,-3532,-1016,16588,-128,287,-86
432225891,-3996,448,16336,-169,315,-38
432229361,-2728,-832,16196,-397,493,-378
432233005,-3088,1100,15460,-93,158,-156
432236565,-2716,2076,16008,-114,122,-40
432240143,-3032,1240,15252,50,-138,135
432243588,-3660,1120,15420,106,14,111
432246972,-3200,-1004,16584,65,-26,23
432250355,-2900,368,15660,-273,277,-272
432253912,-3052,1376,15800,-131,84,-379
432257468,-2456,1584,15156,-123,142,-12
432261025,-3124,1976,15688,-120,167,-71
432264630,-3944,-572,16248,-41,250,166
432268052,-4044,988,16040,111,84,252
432271348,-3232,-536,16704,-373,223,-487
432274992,-2936,1132,15472,-98,-21,-70
432278462,-3000,1052,15764,-60,-6,-201
432281932,-3716,-144,16472,44,-208,79
432285315,-3676,692,15432,-40,222,174
432288723,-2168,-372,16128,-140,307,-218
432292342,-3604,692,16080,-243,341,-122
432295899,-2536,1564,15872,-381,478,-399
432299542,-3016,996,15260,1,-65,-29
432302752,-3496,2056,15720,-57,80,95
432306048,-3928,-1552,16512,36,-32,4
432309345,-3500,780,15764,-120,165,-148
432312925,-3116,-632,16568,-140,-77,-302
432316545,-2248,1664,15552,-22,-79,-108
432320102,-3152,1736,15468,-91,86,86
432323433,-3708,-1092,16696,-28,250,-37
432326955,-3824,1156,15832,35,238,167
432330338,-2632,-668,16172,-345,337,-357
432333982,-3568,216,15760,-66,222,-184
432337476,-2640,1880,16028,-158,11,-61
432340922,-2876,1312,15484,88,-239,141
432344392,-3692,1140,15188,56,46,86
432347602,-3116,-960,16500,49,-159,-17
432351072,-2912,400,15576,-237,412,-280
432354628,-3096,1312,15764,-190,47,-405
432358185,-2452,1500,15380,-88,191,14
432361572,-3096,2064,15388,-178,328,-82
432365173,-4044,-636,16132,10,152,199
432368508,-3800,-32,16136,54,212,238
432371805,-3144,-776,16472,-303,61,-494
432375362,-2892,1192,15448,79,-87,71
432378658,-2896,1316,15684,-123,-77,-188
432382302,-3732,-356,16552,178,-187,195
432385858,-3720,652,15476,-95,269,176
432389266,-2200,-248,16024,-202,23,-419
432392798,-3664,668,16216,-183,358,-79
432396268,-2672,1696,15960,-226,207,-158
432399912,-2984,1232,15088,51,-21,-15
432403295,-3452,1960,15660,-92,109,73
432406678,-4128,-1268,16312,99,-56,57
432410062,-3496,668,15728,-145,170,-162
432413642,-3116,-792,16584,-149,-90,-326
432417262,-2256,1700,15480,-260,294,-314
432420905,-3244,1752,15744,-90,28,98
432424237,-3608,-1008,16516,-11,122,87
432427672,-3576,1492,15784,9,212,190
432430968,-2892,-908,16292,-353,352,-382
432434612,-3556,412,15888,-80,285,-194
432438106,-2660,1840,15856,-128,-34,-111
432441725,-3028,1192,15312,82,-140,88
432445109,-3496,1364,15188,86,-59,104
432448492,-3792,-672,16600,64,-151,61
432451875,-2968,248,15636,-297,361,-325
432455432,-2304,-92,15804,-190,-15,-375
432458989,-2352,1508,15384,-106,274,-8
432462507,-2564,1900,15860,-144,188,-39
432466015,-3984,-764,16364,-13,255,144
432469485,-3744,1616,15764,-9,167,230
432472869,-3408,-1392,16792,-206,78,-404
432476512,-3256,856,15548,-180,157,-195
432480069,-2860,1064,15612,-147,-114,-321
432483799,-2564,1520,15588,50,-44,-63
432487207,-3608,1228,15508,-79,-1,110
432490566,-3436,-1272,16624,-80,341,-109
432494209,-3972,1052,15900,1,223,168
432497506,-2676,-548,16116,-345,373,-334
432501149,-2808,1204,15264,-131,272,-237
432504793,-2912,2292,16068,-87,-60,44
432508176,-3088,796,15284,114,-111,166
432511649,-3884,1052,15440,62,-64,88
432514966,-3152,-868,16540,27,-140,-20
432518412,-2672,680,15532,-327,358,-333
432521969,-2972,1580,15636,-150,1,-365
432525474,-2684,1276,15324,-58,237,53
432528822,-3380,1536,15652,37,112,184
432532206,-3908,-1080,16588,-82,318,87
432535675,-3688,276,16032,-106,189,-132
432539257,-3040,-820,16504,-271,120,-454
432542876,-2976,1384,15448,-116,72,-148
432546433,-2732,1472,15568,-59,-162,-123
432550076,-3040,1180,15448,115,-109,83
432553546,-3564,892,15576,-90,131,115
432556929,-2616,-464,15972,-70,236,-177
432560486,-3212,920,15912,-318,342,-185
432564103,-2512,160,15936,-315,345,-344
432567600,-2996,948,15456,-15,81,11
432570809,-3536,1892,15540,-61,11,138
432574193,-4156,-1568,16444,71,83,38
432577489,-3288,672,15620,-159,37,-174
432580959,-3056,-448,16352,-144,-38,-327
432584603,-2436,1524,15760,17,-168,-13
432588097,-3140,1944,15480,-44,21,107
432591456,-3528,-1284,16620,-138,361,-107
432595186,-3752,1428,15980,62,55,168
432598483,-2832,-980,16172,-369,514,-343
432602126,-3352,168,15884,-207,197,-324
432605683,-2908,2504,15636,-264,2,-371
432609153,-3368,592,15460,67,-96,168
432612473,-3668,1352,15188,103,-35,91
432615833,-3716,-1140,16692,74,-79,59
432619216,-2844,556,15608,-314,304,-336
432622773,-2412,224,15896,-67,22,-336
432626191,-2628,1296,15296,-119,177,9
432629539,-3292,1732,15532,-119,167,-46
432633096,-4140,-800,16468,-70,290,151
432636569,-3712,-164,16140,32,130,222
432639974,-2816,-224,16364,-320,176,-472
432643593,-2920,1000,15456,-124,-42,-58
432647149,-2836,1544,15548,-33,-56,-191
432650706,-2676,1648,15644,70,-156,107
432654176,-3784,524,15544,-72,250,112
432657559,-2320,-256,16148,-126,302,-209
432661203,-3348,684,16172,-283,305,-128
432664808,-2452,4,15980,-341,467,-384
432668143,-2920,1060,15288,16,-66,15
432671439,-3608,1924,15760,-12,-10,158
432674909,-4140,-1744,16540,-18,12,4
432678206,-3312,844,15472,-118,102,-140
432681763,-3080,-744,16524,-153,30,-347
432685319,-2348,1684,15556,-285,199,-330
432688987,-2884,1812,15632,-56,83,76
432692259,-3496,-1076,16504,-44,167,101
432695816,-3836,1300,15788,89,190,201
432699199,-2712,-676,16128,-407,375,-357
432702843,-3632,312,15960,-105,185,-238
432706400,-2764,1988,16044,-266,163,-456
432710043,-3216,1164,15164,76,-196,119
432713536,-2996,1588,15404,34,-103,-67
432716983,-3600,-672,16452,28,-117,84
432720366,-3040,196,15600,-74,218,68
432723663,-2372,16,15796,-199,108,-395
432727168,-2636,1404,15388,-262,281,-149
432730776,-2608,1896,15552,-130,290,-32
432734333,-2956,1144,15164,42,-70,58
432737654,-3800,1428,15672,83,223,265
432741013,-3188,-1112,16516,-300,77,-435
432744656,-3216,988,15692,-119,10,-159
432748126,-2964,1120,15792,-126,19,-316
432751683,-2616,1452,15600,46,-196,-19
432755153,-3556,1004,15340,-43,80,130
432758536,-3280,-1296,16768,-106,233,-189
432762315,-4152,872,16188,37,157,187
432765563,-2700,-496,16152,-396,414,-396
432769207,-3336,544,15740,-108,132,-257
432772763,-3048,2168,16084,-92,85,46
432776060,-3824,-1060,16240,89,-198,110
432779617,-3804,1084,15372,101,57,76
432782913,-3060,-980,16288,-12,-117,-39
432786473,-2600,644,15604,-235,283,-330
432790051,-3016,1604,15816,-165,98,-331
432793583,-2808,1196,15456,-49,131,59
432796967,-3472,1584,15736,-83,235,68
432800350,-4144,-1204,16752,-100,223,32
432803907,-3728,332,15856,63,187,222
432807203,-2924,-792,16468,-336,74,-456
432810760,-2956,1516,15452,74,-149,83
432814166,-2888,1448,15644,-46,-21,-92
432817613,-3868,-568,16528,105,-191,113
432821170,-3652,752,15588,-80,272,107
432824553,-2432,-292,16008,-200,21,-441
432828145,-3192,980,15880,-269,342,-143
432831667,-2648,1432,15928,-217,263,-119
432835310,-2768,1120,15420,-26,-11,-22
432838805,-3748,1804,15660,4,55,172
432841990,-4008,-1564,16424,-14,-4,-20
432845460,-3368,972,15656,-82,118,-113
432848930,-2964,-724,16244,-175,7,-330
432852400,-2488,1708,15496,10,-133,-31
432855870,-3344,1296,15272,-59,85,70
432859166,-3532,-892,16328,-82,247,-79
432862685,-3988,324,16252,84,193,208
432865933,-2752,-688,16256,-410,380,-384
432869576,-2836,1116,15492,6,84,-125
432872873,-2904,1832,16000,-136,58,-61
432876343,-3656,-672,15848,112,-60,125
432879813,-3692,620,15880,77,90,70
432882936,-3324,-1080,16544,-81,-131,-220
432886670,-1940,1712,15672,-291,403,-319
432890334,-3028,1592,15820,-65,-37,25
432893693,-3400,-468,16256,-100,199,12
432897163,-3232,1996,15496,33,156,203
432900546,-3324,-1440,16672,-59,211,148
432904103,-3724,408,15980,-62,302,-113
432907573,-2780,1096,16188,-259,45,-367
432911130,-2900,1408,15460,-8,-66,-1
432914449,-3404,1668,14920,-50,-69,-131
432917983,-3788,-560,16532,115,-142,98
432921453,-3464,248,15976,-74,275,128
432924836,-2276,-464,16080,-198,67,-374
432928428,-2500,1572,15332,-246,410,-141
432932036,-2688,1772,15900,-157,160,-110
432935680,-2708,1244,15204,52,-17,-1
432939001,-3592,1900,15336,-22,130,238
432942446,-3628,-1592,16960,92,-56,75
432945830,-3532,440,15960,-158,149,-183
432949386,-2652,1116,15616,-190,-66,-333
432953030,-2520,1608,15424,43,-75,-7
432956326,-3156,1520,15352,-141,69,27
432959710,-3400,-688,16520,11,264,9
432962969,-4140,240,16424,-253,347,-61
432966389,-2308,1344,15816,-368,382,-423
432970033,-2988,1128,15452,-51,86,-77
432973416,-3276,2404,15632,-141,-35,-75
432976973,-3824,-488,15940,116,30,140
432980356,-3968,172,16104,80,-57,112
432983653,-3248,-1092,16404,-132,23,-310
432987321,-2260,1504,15636,-262,333,-257
432990940,-2840,1424,15764,-69,30,-45
432994323,-3368,-368,16204,-83,274,25
432997706,-3392,1808,15508,39,93,200
433001002,-3100,-1204,16476,-347,475,-309
433004733,-3748,368,15980,-90,194,-108
433008203,-2808,1408,15904,-233,82,-403
433011763,-2924,1432,15468,-32,-143,5
433015166,-3452,1536,15128,-10,-173,-94
433018700,-3812,-492,16316,78,-11,127
433022083,-3392,60,15928,-60,131,126
433025379,-2220,-392,15972,-217,170,-417
433029058,-2496,1504,15148,-253,332,-93
433032580,-2472,1352,16136,-170,249,-182
433036223,-3816,152,15764,-59,69,-20
433039544,-3748,1348,15700,101,43,316
433042903,-3344,-1144,16880,-293,187,-435
433046633,-3468,748,15592,-97,24,-114
433050016,-2752,1040,15936,-129,11,-357
433053573,-2424,1784,15424,-6,-146,-53
433057043,-3516,1360,15476,-83,0,96
433060253,-3512,-1128,16544,-118,350,-58
433063999,-4112,660,16296,50,97,212
433067106,-2776,728,16196,-314,469,-354
433070663,-2668,1428,15400,-95,2,-179
433074046,-3572,2000,15492,-2,33,91
433077256,-3772,-1108,16108,36,-68,30
433080639,-3704,784,15648,-36,143,-38
433084022,-2824,180,16152,-136,-20,-309
433087603,-1988,2008,15400,-70,-15,-176
433091136,-2948,1552,15852,-98,83,47
433094432,-3488,-616,16272,-5,235,11
433097729,-4476,400,16404,-124,395,86
433101112,-3156,-1192,16624,-343,372,-349
433104842,-2900,1164,15552,-66,249,-107
433108399,-2736,1256,15956,-194,42,-231
433111979,-3372,116,15520,15,-169,4
433115166,-3304,1648,15104,65,-15,125
433118549,-3680,-1420,16516,-72,-101,-225
433122279,-3420,104,15868,-264,457,-271
433125836,-2952,944,15900,-185,63,-399
433129345,-2448,1440,15424,-188,285,-85
433132863,-2772,2380,15404,-165,288,-149
433136509,-3740,-236,15812,37,107,176
433139914,-3624,1972,15520,41,182,249
433143273,-3672,-1760,16940,-191,41,-366
433146916,-3520,716,15760,-133,122,-137
433150473,-3008,852,15972,-136,-132,-249
433154116,-2196,1572,15644,5,-112,-91
433157500,-3336,1496,15124,-114,152,163
433161056,-3560,-964,16468,-39,245,-55
433164575,-4212,384,16236,97,113,216
433167823,-2692,-896,16316,-368,374,-370
433171466,-2880,1044,15412,-38,81,-115
433174936,-2660,1844,16080,-158,98,-92
433178406,-3696,-536,15868,105,-64,131
433181876,-3456,1296,15188,43,77,54
433185086,-3388,-1144,16392,-80,-103,-205
433188841,-2976,388,15740,-232,379,-304
433192373,-3068,1216,15752,-102,-21,-38
433195930,-2512,1508,15296,-112,203,-26
433199487,-3192,1968,15548,-108,260,-40
433203043,-3860,-872,16308,-84,259,95
433206427,-3832,380,15932,82,208,204
433209723,-3288,-1148,16628,-242,76,-414
433213390,-2652,1476,15436,-152,83,-192
433216923,-2880,1520,15760,-68,-136,-130
433220567,-3664,-564,16448,100,-205,68
433224037,-3544,1028,15424,-48,228,154
433227507,-2428,-684,16104,-125,217,-135
433231185,-3488,656,15944,-225,423,-141
433234707,-2596,-164,16100,-370,391,-378
433238375,-2888,1212,15260,-94,136,-235
433241907,-3232,2172,15868,-95,91,86
433245204,-3992,-1228,16424,99,-88,57
433248587,-4124,608,15656,81,92,120
433251797,-2956,-700,16500,-201,-70,-376
433255440,-2308,1576,15512,-219,212,-325
433259084,-3008,1740,15872,-112,73,58
433262515,-2708,1168,15232,-50,129,77
433265850,-3640,1348,15572,32,214,233
433269234,-2944,-884,16212,-125,267,-20
433272790,-3560,596,15976,-89,256,-131
433276260,-2808,1592,16020,-290,120,-431
433279904,-3012,1428,15416,86,-161,50
433283287,-3568,1236,15348,25,-43,7
433286500,-3604,-888,16480,44,-145,-5
433289905,-3004,440,15520,-256,418,-237
433293437,-2400,-180,16080,-161,-40,-375
433297080,-2440,1692,15224,-93,286,27
433300464,-2656,1956,15592,-100,181,8
433303847,-4104,-932,16676,-64,234,89
433307230,-3824,348,15968,-9,268,221
433310527,-3224,-1104,16576,-247,50,-457
433314193,-2840,1500,15356,-85,145,-88
433317640,-2768,980,15932,-131,-133,-262
433321284,-2416,2208,15472,77,-192,57
433324667,-3672,364,15404,-44,196,188
433328050,-2180,72,15888,-186,286,-299
433331555,-3472,996,15952,-206,417,26
433334903,-2604,1012,15780,-275,263,-303
433338571,-2660,1724,15100,-35,83,-92
433341930,-3564,1900,15604,-76,-19,79
433345313,-4056,-1240,16292,72,17,43
433348610,-3472,604,15880,-165,60,-124
433352080,-2940,884,15864,-143,-101,-315
433355723,-2160,1588,15488,-15,-5,-112
433359193,-3148,1516,15956,-66,-42,79
433362625,-3648,-892,16348,-9,380,7
433365786,-4332,296,16588,-161,255,-31
433369256,-2824,-836,16348,-358,406,-328
433372900,-2964,1012,15576,-80,320,-110
433376457,-2744,1760,16064,-151,-23,-114
433380100,-2880,1444,15300,99,-123,100
433383570,-3456,1252,15204,58,-77,44
433386891,-3260,-980,16472,113,-143,60
433390337,-3112,196,15752,-321,363,-274
433393893,-2912,1372,15720,-177,8,-423
433397363,-2528,1480,15328,-158,262,28
433400833,-2964,2092,15488,-159,178,-74
433404390,-3908,-400,16048,4,246,178
433407687,-3936,204,16072,-60,186,-85
433411070,-3464,-1296,16804,-230,134,-435
433414823,-2888,1388,15480,-174,152,-143
433418444,-2768,1044,15736,-72,-133,-218
433422087,-2400,1800,15620,62,-68,-8
433425384,-3572,1080,15388,-63,82,202
433428767,-2352,-620,16220,-48,285,-94
433432272,-3972,584,16068,-233,381,6
433435533,-2784,740,16104,-210,317,-291
433439115,-2544,1628,15172,-110,92,-173
433442647,-3564,1896,15512,-42,-67,89
433446030,-3720,-1068,16080,67,93,8
433449240,-3760,760,15648,-61,36,-66
433452536,-2756,460,16264,-131,14,-311
433456006,-2196,1700,15340,-66,-63,-154
433459563,-3040,1880,15316,-104,10,-35
433463082,-3532,-480,16264,-35,287,69
433466416,-4228,552,16304,-99,296,42
433469713,-2632,468,16064,-294,428,-269
433473270,-2864,1120,15680,-126,61,-229
433476826,-2704,1376,15848,-124,83,-169
433480383,-3272,208,15576,102,-134,159
433483853,-3376,1652,15204,81,-67,69
433487174,-3568,-1200,16672,-108,-65,-224
433490880,-3556,4,15980,-210,347,-166
433494263,-2960,860,16060,-69,56,-138
433497646,-3216,420,15644,-207,184,-95
433501116,-2596,2284,15496,25,182,190
433504500,-3988,-1752,16860,31,102,189
433507970,-3784,664,16024,-6,235,33
433511179,-2760,388,16072,-318,123,-355
433514759,-2716,1440,15196,-70,-117,-135
433518380,-3096,1896,15152,-83,-62,-233
433521936,-3440,568,15996,95,-189,148
433525320,-3808,152,15676,-81,277,-31
433528703,-2604,-1044,16432,-227,221,-343
433532468,-2612,1472,15728,-160,287,-10
433535990,-2660,648,16196,-258,372,-267
433539571,-2880,1120,15520,-90,70,-187
433543017,-3464,2376,15620,22,106,218
433546400,-3976,-1828,16940,116,-53,118
433549957,-3976,492,16044,-19,106,-16
433553340,-2904,-40,16256,-137,26,-232
433556810,-2128,1460,15536,-126,42,-241
